   -0.04016698
   -0.07628702
   -0.35295540
    1.18814405
    0.20794467
   -0.67930690
   -0.43775496
    0.04164585
    0.49093772
   -0.38287970
   -0.33926264
   -0.08230988
   -0.18007890
   -0.02346528
   -0.17394585
   -0.20418100
   -0.25010206
   -0.05605130
   -0.28543629
   -0.18234001
   -0.13806647
    0.61900504
   -0.40629451
   -0.35203331
   -0.11208386
   -0.09836532
   -0.15674109
   -0.29349501
    0.07289362
   -0.01666133
   -0.45151438
    0.33830668
    0.43520918
   -0.26953630
   -0.09594338
   -0.01415789
   -0.81842042
   -0.07321187
    0.06319636
    0.11479347
   -0.01432815
    0.45022376
    0.01603083
   -0.02505098
    0.62493119
    0.04198886
    0.02778365
    0.05978194
   -0.06259137
    0.64509357
    0.23862916
    0.43296997
   -0.01672386
   -0.05731612
    0.28132020
    0.07386126
    0.08286516
    0.11118837
    0.10413156
    0.11579117
    0.10907507
    0.20558968
    0.16621905
    0.30750062
    0.00314497
    0.22456523
    0.12110163
    0.03437348
    0.06075132
    0.07094339
    0.05972802
    0.10100139
    0.06017603
    0.05430209
    0.07310150
    0.49028350
    0.38448048
   -0.02115199
    0.04322393
    0.27863742
    0.28622288
    0.26779035
    0.25287560
    0.23253505
   -0.71828232
    0.18887794
   -0.06137977
    0.25116586
    0.36472164
    0.26045446
    0.17763326
   -0.06640840
   -0.08267864
   -0.05248531
   -0.06565517
    0.51326342
   -0.31311031
   -0.31756396
   -0.30372016
    0.46433127
    0.65804108
   -0.45258497
   -0.12228279
   -0.16200006
   -0.16359803
   -0.07211840
   -0.07187293
   -0.22317459
   -0.28496651
   -0.20437496
   -0.13056421
   -0.09625719
   -0.26171969
   -0.24911798
   -0.17192920
   -0.35449705
   -0.36963294
   -0.35087426
   -0.38987742
   -0.43326662
    1.46228653
   -0.11075559
    0.45904224
   -0.33635655
   -0.31117917
   -0.43859383
   -0.58301693
