           2           3  0.869806928281289     
           3           4  0.202720213113397     
           3           5  0.899485631678261     
           5           6   1.31884099805587     
           5           7  0.861294289321789     
           7           8  0.882546687188313     
           3          10  0.994519636858418     
           9          10  0.502975755835574     
          10          11   1.03503707127071     
          11          12   1.34695527869961     
          12          13  0.946084136312561     
           9          14  0.114867066813224     
          13          14  0.809766656766895     
          14          15  0.779726976203437     
          13          16  0.927398298400478     
          16          17  0.967520742756449     
          12          18   1.17500166607424     
          17          18   1.15225560042351     
          18          19   1.26799291123517     
          19          20   1.09646936998125     
          20          21  0.368557193487608     
          22          23  0.515316459244962     
          22          24  0.124884821440205     
          20          25  0.972903378461513     
          17          26  0.982682901269541     
          25          26  0.696535852917471     
          26          27  0.322522408651776     
          27          28  0.710529384181269     
          28          29  0.559977053107797     
          25          30  0.908549752650926     
          29          30  0.927622229091582     
          29          31  0.918324968707005     
           1          33  0.320864106905729     
           1          34  0.664171121875454     
           2          35  0.914107345158483     
           2          36  0.782948387362775     
           8          38  0.818534754495939     
           8          39  0.755871385539983     
          11          40  0.828148778001660     
          16          41  0.935723397010609     
          16          42  0.377768025687049     
          19          43  0.926586067925879     
          21          44  0.528497259873345     
          23          46  0.974285609794127     
          23          47  0.975046157236833     
          23          48  0.978125354302394     
          24          49  0.842121154832334     
          24          51  0.572566707837234     
          27          52  0.462104396369765     
          28          53  0.910575726776863     
          30          54  0.888537479338069     
          31          55  0.887755239009168     
           8          60  0.114502690100533     
           9          60  0.763168048895557     
          10          60  0.119465690263353     
          14          60  0.717506829693057     
          33          61  0.146758003813004     
          56          62  0.208843885114173     
          25          64  0.148442789665166     
          26          64  0.747881491345199     
          27          64  0.442567426912799     
          20          65  0.116507495379039     
          21          65  0.340998879793075     
          22          65  0.413997516482345     
          23          65  0.101414637249347     
          24          65  0.512306505953331     
          20          66  0.206566958249666     
          57          66  0.190457513987660     
          63          68  0.182769893332560     
          67          69  0.166678886360966     
          58          72  0.181248863959699     
          16          73  0.276064383641931     
          42          73  0.287296935027501     
          70          73  0.112574226845248     
          59          74  0.179223786068426     
          71          75  0.133714092536794     
          13          76  0.240385313936124     
          14          76  0.420087552145494     
          15          76  0.225509810863685     
          60          76  0.109139239990441     
          26          77  0.213006886540043     
          27          77  0.257922484210385     
          52          77  0.107584994094356     
          61          78  0.289236422782449     
          24          79  0.428227693714377     
          50          79  0.146791803237315     
          65          79  0.237780895631249     
          56          80  0.160068609056987     
          58          80  0.153035214477012     
          57          81  0.153346105264479     
          58          81  0.145631255084012     
          56          82  0.153607934337262     
          59          82  0.152189316411786     
          57          83  0.139573637092835     
          59          83  0.157518457459853     
          10          84  0.121493662034700     
          60          84  0.161466590998623     
           3          85  0.395772374671798     
          37          85  0.115541977876801     
          61          85  0.378617350979932     
          62          85  0.240194358799562     
           9          86  0.232508708581435     
          14          86  0.188613320702772     
          63          86  0.203928044236281     
           1          87  0.613291606089464     
          32          87  0.707825744172557     
          34          87  0.115707167599848     
          63          87  0.146299493717192     
          25          88  0.326240626820075     
          29          88  0.110450836013956     
          20          89  0.131896605322175     
          21          89   1.44382793832431     
          45          89  0.178214770936844     
          26          90  0.153424208062145     
          67          90  0.139226507766770     
          22          91  0.105103844994073     
          65          91  0.171576572313330     
          67          91  0.185691867376859     
          56          92   2.96786153535895     
          57          93   3.01666958175236     
          58          94   3.02624438432537     
          59          95   3.01294861700527     
           8          96  0.516300381483062     
           9          96   1.59871654749816     
          14          96  0.104176703757876     
          60          96   1.15446364383517     
           1          97  0.367731623846471     
          33          97  0.237335150403695     
          61          97   2.17350294104275     
          62          98   2.80163314000683     
          85          98  0.143847423045779     
          63          99   2.79780272514674     
          26         100  0.101542593731433     
          27         100  0.458929074785197     
          28         100  0.471473234889091     
          29         100  0.458258007777415     
          64         100   1.83549505592225     
          22         101   2.33215980442767     
          23         101  0.105016858921390     
          24         101  0.120099343250721     
          65         101  0.813866464231675     
          66         102   2.90234781948250     
          67         103   3.02780728824607     
          68         104   3.41081986141692     
          69         105   3.44882292991405     
          70         106   3.54516874783723     
          71         107   3.53174703202293     
          72         108   3.38679532041432     
          16         109  0.199516222044774     
          42         109  0.104271904134890     
          73         109   2.95617381712757     
          74         110   3.39778949633089     
          75         111   3.49926365949624     
         107         111  0.105870719866724     
          14         112  0.110430608369376     
          15         112  0.695374201501308     
          76         112   2.14087144019135     
          26         113  0.108539622348175     
          27         113  0.280650722154814     
          52         113  0.162146302013731     
          77         113   2.58735148081877     
          78         114   3.26092977775661     
          24         115  0.531162254843795     
          50         115  0.364098825821027     
          79         115   2.09258353109254     
          80         116   2.83797292344203     
          92         116  0.144474068115102     
          94         116  0.136450049635176     
          81         117   2.84276871735161     
          93         117  0.127844154202886     
          94         117  0.141490487381196     
          82         118   2.87357101613395     
          92         118  0.137086376454088     
          95         118  0.138849716639465     
          83         119   2.83135004085636     
          93         119  0.125933910737508     
          95         119  0.133832756383484     
           5         120  0.186133970130471     
          84         120   2.66518175273071     
           4         121   3.51728412217231     
          85         121  0.319264032051116     
           8         122  0.397173730119105     
           9         122  0.465559880325507     
          86         122   2.15329545096095     
           1         123   1.22872957118900     
           2         123  0.950667176413415     
          87         123   1.32500905689511     
          30         124  0.486526694639296     
          88         124   2.28137722666403     
          20         125  0.125780200091738     
          21         125  0.681882947239223     
          44         125  0.130403882519271     
          45         125  0.374673134927641     
          89         125   1.52695368779938     
          29         126  0.122369940609994     
          90         126   2.86657361357202     
          91         127   2.51934557298195     
