    0.02963277
   -0.23369849
    0.15894136
   -0.06095158
   -0.02621421
   -0.02846884
   -0.00925047
    0.22104156
   -0.41397738
   -0.05668850
    0.15610402
   -0.39653040
   -0.01307944
    0.00155833
    0.14742689
   -0.40101613
   -0.05338997
    0.22301245
   -0.39579753
   -0.03107634
   -0.06685578
    0.12471546
   -0.45769020
    0.21315607
   -0.33789854
    0.05908659
   -0.43904304
   -0.07247888
    0.12249864
   -0.32300659
    0.23613271
   -0.08069169
    0.04879895
   -0.35575791
    0.08840125
   -0.44835387
    0.10765802
   -0.10950378
   -0.33901606
    0.04686471
    0.07133902
    0.04651720
    0.04759057
    0.04773553
    0.06720417
    0.35036662
    0.35262249
    0.06671251
    0.08508735
    0.29920685
    0.05379979
    0.07572380
    0.32214096
    0.06149340
    0.06080061
    0.05208297
    0.05164550
    0.05904232
    0.05592413
    0.01103174
    0.15572889
    0.14335218
    0.04024465
    0.31525918
    0.02669392
    0.06566118
    0.04529979
    0.05068216
    0.07778275
   -0.22624916
    0.09218377
   -0.31268209
    0.08308669
   -0.26792111
    0.24169387
   -0.27097811
    0.15101210
   -0.10840079
    0.37338955
   -0.21087671
    0.02413486
   -0.21989289
    0.20959162
   -0.16176190
    0.31941145
   -0.07914131
    0.09451895
   -0.12292546
    0.09024404
   -0.30777614
    0.22760807
    0.00358494
    0.32528114
   -0.35743028
    0.33955913
   -0.25067923
    0.31921025
   -0.36594287
    0.30100399
   -0.20341116
    0.19615588
   -0.16592967
    0.08261755
   -0.17264871
    0.11125428
   -0.14206328
    0.31134445
   -0.35254460
    0.18460331
   -0.12592465
    0.21036917
   -0.24667493
    0.16378068
   -0.20411965
    0.23094432
   -0.28418141
    0.03799186
   -0.18310867
    0.08543798
   -0.15414048
    0.21067912
    0.01701741
    0.30591075
   -0.11384443
    0.31997345
   -0.05997363
    0.23129070
   -0.18033077
    0.11310944
   -0.22301472
    0.25246261
   -0.22851267
    0.11562042
   -0.08498676
    0.20207878
   -0.22908865
    0.36875691
   -0.17881965
    0.10698891
   -0.25129225
