           1           2  0.979519287316514     
           2           3   1.12035184364376     
           3           4   1.35119328516146     
           4           5   1.44029152961570     
           5           6   1.43414516331874     
           6           7   1.38532069926045     
           7           8   1.04931643734656     
           8           9   1.62007642300177     
           8          10   1.12707509302569     
          10          11   1.30783431231045     
          11          12   1.18318202229123     
          11          13   1.25361378209918     
          13          14   1.47911701195804     
          14          15   1.24151342922705     
          15          16   1.17243539790984     
          10          17   1.25169863365851     
          15          17   1.33385766710588     
          17          18   1.09592350975773     
          18          19   1.63781674767359     
           3          20   1.28445455868489     
           7          20   1.32813641226725     
          18          20   1.07348780221534     
          14          21   1.01734026077675     
          21          22  0.970778393504977     
          22          23  0.974821987867349     
          22          24  0.945566326574693     
          24          25   1.89273309330763     
          24          26  0.962819649557789     
          26          27   1.01367867719687     
          22          28  0.951316130623995     
          13          29  0.988283014081339     
          28          29  0.985594655368756     
          29          30  0.963678811685337     
          30          31  0.970365333716846     
          31          32  0.979691267692105     
          32          33  0.997604085795754     
          33          34   1.01953562406395     
          33          35  0.955513470851059     
          35          36   1.01219260002562     
          35          37  0.959270472416231     
          37          38   1.00575438349465     
          31          39  0.977096266972516     
          37          39  0.961139732201961     
           1          40  0.975086985161823     
           1          41  0.977946131280036     
           1          42  0.975116172304017     
           4          43  0.964369588338178     
           5          44  0.969278136368723     
           6          45  0.963052070727969     
          12          46  0.761383799138112     
          16          47  0.762074611520249     
          21          48  0.948888487365894     
          21          49  0.957158541219944     
          23          50  0.885363995277514     
          26          51  0.941786624894551     
          26          52  0.967701936645318     
          27          53  0.863727739367124     
          28          54  0.966393902165166     
          28          55  0.970421278402905     
          29          56  0.942871746679096     
          31          57  0.946985667537889     
          32          58  0.972923813500359     
          32          59  0.970520200045253     
          33          60  0.962591341534929     
          34          61  0.960424929679988     
          34          62  0.962094852801759     
          35          63  0.967367901509514     
          36          64  0.876157519800908     
          37          65  0.961588158867858     
          38          66  0.981906065465229     
          38          67  0.983588127873169     
          38          68  0.984298274079156     
          76          77   1.15900639061950     
          79          80   1.18733775883285     
          77          81  0.293732571153675     
          75          82   1.02782088423573     
          78          83   1.11341529263214     
          82          85   1.23801760627284     
          84          87   1.20483447092935     
          86          88  0.984853561508669     
          76          89   1.27647502430681     
          79          90   1.12458246032054     
          75          91  0.963914173089516     
          88          92  0.973310716804253     
          90          93   1.07104978039220     
          74          95   1.19969428735371     
          82          96  0.930314901265341     
          91          96  0.988420379791357     
          95          98  0.981418516563364     
          72          99   1.01929996985713     
          94          99   1.19959874354947     
          96         101   1.17053451749220     
          83         102   1.03851855158876     
          89         103  0.978209018941928     
         102         103   1.26040123663681     
          84         104  0.998928963220929     
          91         104   1.15451337842527     
          87         105   1.00776902964081     
          73         106   1.24157491110806     
          80         107   1.08826472489456     
          84         107   1.12457645476096     
          75         108   1.17987330254699     
          93         108  0.990285583002320     
         107         108   1.10130218575664     
          73         109  0.989643078418021     
         106         109   1.09247438133847     
          85         110   1.06270661729936     
          92         110   1.01347016127331     
          98         111   1.22200816376086     
         100         111  0.995742658667492     
         103         111  0.958854715919442     
          95         112   1.04242059280417     
         106         112   1.03691482651263     
          89         113  0.932115736812405     
         109         114   1.17926088845112     
          69         115  0.969500968095632     
          70         115   1.14157519875800     
          94         115  0.928258574304502     
          71         116   1.27745702664397     
         105         116  0.963745330267155     
          77         117  0.638411751418065     
          81         117   1.28371643662499     
         105         117   1.00818232401835     
          79         118  0.962275797337202     
          90         118  0.792746127583143     
          77         119  0.932018832560118     
          87         119  0.926429006678389     
          80         120  0.967103366609853     
         113         120   1.07899612599642     
         119         120   1.26636227971704     
          69         121   1.00045238928455     
         114         121   1.07387403605749     
          78         122   1.04335221464296     
         114         122  0.959523629956993     
          88         123   1.12740186225443     
          97         124   1.03095356828439     
         110         124  0.975488142059578     
          98         125  0.992810421749413     
         112         125  0.985118892061810     
         100         126  0.990085129472620     
         113         126   1.19088767309550     
         118         126   1.04494985920764     
          70         127  0.998763256962549     
          71         127  0.958966368052855     
          94         127   1.06263959344985     
         115         127  0.126862645088189     
          70         128   1.00736402713658     
         101         128   1.12093391338715     
         123         128   1.16761643188743     
          72         129   1.14939488837956     
          83         129   1.00535954334071     
          85         130   1.00556429957106     
          93         130   1.24135826664330     
         124         130  0.983410696324766     
          72         131   1.15216438014331     
          81         131  0.626848694833154     
         116         131   1.10498457286197     
         117         131  0.186548045941818     
          74         132  0.888602017068667     
          97         132   1.21598819263592     
          76         133  0.973298329775009     
          81         133   1.00201738597104     
         129         133   1.00158143277597     
         131         133  0.119485148790480     
          78         134  0.945298943733918     
         102         134  0.983812219554964     
         125         134   1.26541132852000     
          73         135  0.995953315861111     
          86         135   1.14680021571602     
          92         136  0.941589083734216     
          97         136   1.11804195428236     
         135         136   1.10903173494355     
          74         137  0.969550570316760     
         100         137   1.26421261120889     
         132         137   1.03131993821432     
          69         138   1.27801734865941     
          86         138  0.990985462669236     
         123         138  0.995076681181385     
          71         139  0.977858447900883     
         101         139  0.921906361225019     
         104         139   1.17046203372012     
          99         140   1.09893813606626     
         121         140   1.13135908619019     
         122         140  0.950674678183476     
