   -0.11934136
    0.15242134
   -0.20758135
    0.26950223
   -0.45115937
   -0.03083493
   -0.02888110
   -0.03573698
   -0.05399971
    0.04314409
   -0.12703310
    0.14927971
   -0.12031997
   -0.30054830
    0.05842643
   -0.06635861
   -0.06186607
    0.01429208
   -0.28637993
    0.05202365
    0.04946057
    0.03608657
    0.20179478
    0.07458572
    0.04334484
    0.03153825
    0.16046352
    0.05815286
    0.07245498
    0.05859560
    0.03807611
    0.02749259
    0.02155559
    0.05224650
    0.02658084
    0.03007756
    0.16844861
    0.07520336
   -0.22829432
    0.09159641
   -0.31482531
    0.08382287
   -0.26957532
    0.24081826
   -0.27292288
    0.14998618
   -0.11054800
    0.37252201
   -0.21286255
    0.02129477
   -0.22155065
    0.20886687
   -0.16331106
    0.31917938
   -0.08211285
    0.09346424
   -0.12533641
    0.08975541
   -0.30873512
    0.22591918
    0.00355538
    0.32535378
   -0.36066180
    0.33989555
   -0.25391085
    0.32059135
   -0.36872772
    0.30111306
   -0.20508703
    0.19509934
   -0.16760089
    0.08194523
   -0.17440302
    0.11015199
   -0.14460891
    0.31163464
   -0.35435975
    0.18316598
   -0.12405615
    0.20995039
   -0.24899686
    0.16374543
   -0.20702754
    0.22920090
   -0.28619291
    0.03509099
   -0.18525327
    0.08429572
   -0.15588369
    0.21046640
    0.01444823
    0.30476286
   -0.11225572
    0.31986245
   -0.06076809
    0.23071134
   -0.18297700
    0.11190272
   -0.22343393
    0.25245701
   -0.22885776
    0.11385223
   -0.08623682
    0.20248127
   -0.22773707
    0.36888444
   -0.18037409
    0.10561468
   -0.25318120
