           1           2  0.993758227627703     
           2           3  0.977701481060671     
           3           4   1.25876427361889     
           3           5  0.200942998987247     
           4           5   1.64165327135047     
           4           6  0.987852993031448     
           6           7   1.44197177852983     
           7           8   1.40008854274384     
           6           9  0.107119279207415     
           8           9   1.47083313100392     
           9          10   1.35064680780818     
          10          11   1.14390421848874     
          11          12   1.21027087695519     
          12          13   1.02955728918895     
          11          14  0.109130892949159     
          12          14   1.55082675478649     
           6          15   1.29985520943110     
          10          15   1.26445973164356     
          14          15   1.19766320363888     
           2          16  0.952898123155827     
          16          17   1.01022166361373     
          17          18  0.994990748352285     
           2          19  0.986655101191811     
          18          19   1.01225167134846     
           1          20  0.982924707218065     
           1          21  0.983329528522672     
           1          22  0.984818880056789     
           3          23  0.890687988725850     
           7          24  0.962711651463464     
           8          25  0.970009001114005     
           9          26  0.968353558318744     
          11          27  0.943742426683277     
          13          28  0.968435250948399     
          13          29  0.980573361016052     
          13          30  0.967756771493524     
          16          31  0.979897201252199     
          16          32  0.979622285282994     
          17          33  0.979363822518177     
          17          34  0.975996397059695     
          18          35  0.974601993898376     
          18          36  0.978355658358281     
          19          37  0.942108110428562     
          45          46   1.15715654204113     
          48          49   1.18651489112887     
          46          50  0.294164907827970     
          44          51   1.03753397969133     
          47          52   1.11218230659019     
          51          54   1.23026323217863     
          53          56   1.20733117252493     
          55          57  0.983474268540192     
          45          58   1.27719799258853     
          48          59   1.12869849341609     
          44          60  0.962508084158980     
          57          61  0.973743965259688     
          59          62   1.06360899488527     
          43          64   1.20208268382774     
          51          65  0.929577330891702     
          60          65  0.993315952012008     
          64          67  0.980043149107239     
          41          68   1.01745443510923     
          63          68   1.20249190279954     
          65          70   1.17058059408791     
          52          71   1.03886515133071     
          58          72  0.978343801434149     
          71          72   1.25944959115673     
          53          73  0.998638172042605     
          60          73   1.14958057358267     
          56          74   1.00832151798066     
          42          75   1.24024473200861     
          49          76   1.08490256631791     
          53          76   1.12195313732919     
          44          77   1.17413042749964     
          62          77  0.987697783456501     
          76          77   1.10677693437841     
          42          78  0.989357918825110     
          75          78   1.09287895108421     
          54          79   1.07952953092218     
          61          79   1.01509502238295     
          67          80   1.21875657276557     
          69          80  0.998828789760756     
          72          80  0.958878105738741     
          64          81   1.04098714886376     
          75          81   1.03408484469660     
          58          82  0.932401159013087     
          78          83   1.17969731449841     
          38          84  0.969915007140384     
          39          84   1.14290574486800     
          63          84  0.924183122817774     
          40          85   1.27555811836265     
          74          85  0.963066583872797     
          46          86  0.640720542843863     
          50          86   1.28475619207232     
          74          86   1.00876391047617     
          48          87  0.960501898848507     
          59          87  0.793002562264801     
          46          88  0.932315164931802     
          56          88  0.926072591578624     
          49          89  0.967069257269756     
          82          89   1.07887090235044     
          88          89   1.26581704675686     
          38          90   1.00010525975366     
          83          90   1.07111581018764     
          47          91   1.04314116571563     
          83          91  0.958729266767518     
          57          92   1.14079432498025     
          66          93   1.03641417395779     
          79          93  0.975833334485326     
          67          94  0.993171829772382     
          81          94  0.985270205233062     
          69          95  0.989742297366010     
          82          95   1.19115878669380     
          87          95   1.04430380424459     
          39          96   1.00178578585161     
          40          96  0.958099384367354     
          63          96   1.06126992187063     
          84          96  0.127041776032617     
          39          97   1.00719146051148     
          70          97   1.12243784657011     
          92          97   1.16237075473712     
          41          98   1.15107958967100     
          52          98   1.00518295769103     
          54          99  0.996139919602132     
          62          99   1.25147150678632     
          93          99  0.984321283227309     
          41         100   1.15096610131806     
          50         100  0.626526511493098     
          85         100   1.10628746287794     
          86         100  0.186080062833427     
          43         101  0.887451552014475     
          66         101   1.20638913118409     
          45         102  0.973368560529907     
          50         102   1.00416575697978     
          98         102   1.00231633233641     
         100         102  0.119779854490700     
          47         103  0.944562859110672     
          71         103  0.983503782219762     
          94         103   1.26450248300183     
          42         104  0.996053161046092     
          55         104   1.14180257856059     
          61         105  0.937405380600541     
          66         105   1.12191374817558     
         104         105   1.11733879062819     
          43         106  0.965744282135975     
          69         106   1.26020420326048     
         101         106   1.03877974475493     
          38         107   1.28466944469526     
          55         107  0.991511312723862     
          92         107  0.989397929606922     
          40         108  0.977642279283498     
          70         108  0.923303772165317     
          73         108   1.17280729031469     
          68         109   1.09806928575654     
          90         109   1.13120140601460     
          91         109  0.950354368926989     
