   -0.40854445
   -0.01764119
   -0.20854174
   -0.06834184
   -0.03670068
   -0.24721077
   -0.16516996
   -0.09571247
   -0.24835683
   -0.21795810
    0.46496056
   -0.00993672
   -0.20767324
   -0.13089624
   -0.09891513
   -0.11437548
   -0.27688664
   -0.09765245
   -0.11456439
    0.33469280
   -0.42171296
   -0.48426951
    0.58910923
    0.09109212
    0.46118210
    0.31795914
    0.18046357
    0.10610668
    0.66500229
    0.71575212
    0.55779098
    0.07828205
    0.17755893
    0.06141172
    0.25017783
   -0.10027382
   -0.14911443
    0.08019808
    0.08195592
    0.11089473
    0.20932238
    0.27604540
    0.12859596
    0.14665466
    0.17712432
    0.04162894
    0.15208780
    0.20734002
    0.28979907
    0.08806290
    0.10174428
    0.10352936
    0.09815612
    0.09125919
    0.11064662
    0.24987983
    0.09306773
    0.11654625
    0.08557985
    0.18153456
    0.10358064
    0.29983204
    0.27791450
    0.35437546
    0.31578990
    0.35026926
    0.11809550
    0.15386261
    0.36277194
    0.21226940
   -0.02656307
    0.27027242
   -0.00373958
   -0.08917003
   -0.09986541
   -0.03375442
   -0.11081461
   -0.35801482
    0.03633676
   -0.28800311
   -0.23649473
   -0.25531906
   -0.42806104
   -0.19349114
   -0.30828699
   -0.22329111
   -0.14312539
   -0.12995640
   -0.10603093
   -0.17563417
   -0.15944484
   -0.44504379
   -0.09100592
   -0.19215198
   -0.33622626
   -0.29310377
   -0.23055903
   -0.35808757
   -0.35895993
   -0.40091693
   -0.38219984
   -0.43255645
    0.67885184
    0.98900204
   -0.46403031
   -0.49272819
   -0.27488157
   -0.45630962
   -0.29814938
