           1           2  0.907992911736070     
           2           3  0.865875240653325     
           3           4  0.792493575033794     
           4           5  0.798955228277170     
           2           6  0.896608760044293     
           5           6  0.716014141337673     
           6           7  0.931214477986711     
           7           8  0.971546616641780     
           8           9   1.10753406677839     
           9          10  0.922663178462881     
          10          11  0.471746497623833     
          11          12  0.170487214688472     
          11          13  0.387537157641674     
          13          14   1.20585624439670     
           8          15   1.26451857249698     
          14          15   1.12784716363166     
           2          16  0.987519239521862     
          15          16   1.27166177334093     
          16          17   1.05940849331491     
          13          18  0.108077750314431     
          14          18   1.15771774417896     
          17          18   1.05742230176942     
          18          19  0.787042238309314     
          13          21   1.18038633341252     
          20          21  0.478118312396747     
           1          23  0.190536404515604     
           1          24  0.849508052128202     
           1          25  0.370251291369554     
           3          26  0.505801409881246     
           3          27  0.775882164938880     
           4          28  0.807409644389372     
           5          31  0.155488317508251     
           7          32  0.858175754471857     
           7          33  0.740015967130941     
          10          34  0.912427040785300     
          17          35  0.745098237987210     
          19          36  0.725890648351163     
          21          37  0.935525986034886     
           9          41  0.107010971327003     
          11          43  0.319183630991290     
          13          43  0.167692111485526     
          38          44  0.243947691680299     
           1          46  0.550272649645130     
          23          46  0.197201525251908     
           5          48  0.187336277349062     
           6          48  0.215224790954967     
          39          48  0.289579326325142     
           3          49  0.330707154211555     
          26          49  0.115100765140071     
          45          50  0.194095065603785     
          40          54  0.168925109108552     
          35          55  0.149540657744486     
           9          56  0.360344889260861     
          53          57  0.125533928401267     
          42          58  0.137738823262060     
           1          59  0.420680303706316     
          25          59  0.272061818977218     
          43          60  0.177515073832646     
          33          61  0.143758080832945     
          47          61  0.134344307194412     
          38          62  0.152230892156354     
          40          62  0.153774316064410     
          39          63  0.143661345092414     
          40          63  0.153458492634500     
          38          64  0.123502968764394     
          41          64  0.116208884349697     
          39          65  0.121687475573936     
          41          65  0.108749656578868     
          44          66  0.127598661755620     
          10          67  0.212434377179128     
          11          67   1.19999995395307     
          12          67  0.225138796622220     
          44          67  0.128872707330242     
          19          68   1.78677358472170     
          20          68  0.396957670949775     
          21          68  0.115527535834537     
          22          68  0.154743529420035     
          43          69  0.133659561679170     
          45          69  0.103104705857103     
           1          70  0.157154971214992     
          48          70  0.104990630737626     
           5          71  0.656259210425241     
          30          71  0.127182857915402     
           3          72  0.121655637358280     
          26          72  0.200412386627183     
           4          73  0.344777339757287     
          29          73  0.118109010228111     
          47          73  0.203398139533135     
          38          74   2.97319267853336     
          39          75   2.94190701967540     
          40          76   3.03421342762758     
          41          77   3.09099481992348     
          42          78   3.03297983720452     
          10          79  0.110751581232724     
          11          79  0.547934712018515     
          12          79  0.297420527493043     
          43          79   2.23048460391253     
          44          80   2.84423385524320     
          67          80  0.138950720707278     
          21          81  0.101697584865180     
          45          81   3.04660516450416     
          23          82  0.221030999413641     
          46          82   2.72753361930130     
          47          83   2.96234979903482     
           5          84  0.346164238517871     
           6          84  0.122576650491322     
          31          84  0.366612963169817     
          48          84   2.30104078810065     
           3          85  0.119819205929494     
           4          85  0.168571382537846     
          49          85   2.72535083986959     
          50          86   3.37161391343040     
          51          87   3.50350152643344     
          52          88   3.51605451365219     
          53          89   3.53468118735932     
          54          90   3.42762641281313     
          17          91  0.134532658995698     
          55          91   3.38009126762637     
          56          92   3.10686805651521     
          57          93   3.54129721826124     
          89          93  0.116825553337978     
          58          94   3.42965295724232     
           1          95  0.145582416468596     
          25          95  0.101733533223607     
          59          95   2.85678676201872     
          60          96   3.32302618539144     
          61          97   3.31080703891236     
          62          98   2.84690253120144     
          74          98  0.145421278146370     
          76          98  0.143217868169331     
          63          99   2.85957206552748     
          75          99  0.139829602344864     
          76          99  0.142307512448169     
          64         100   2.91818605015640     
          74         100  0.112703681267524     
          77         100  0.110795474401481     
          65         101   2.92475708383840     
          75         101  0.114790089561926     
          77         101  0.100610321857071     
          66         102   3.00552592834848     
          80         102  0.111354708276111     
          10         103  0.225022418468600     
          11         103  0.605695364476898     
          12         103   1.30268563362746     
          67         103   1.26432037748947     
          20         104   2.72712718956297     
          22         104  0.216991070446493     
          68         104  0.626777626226546     
          69         105   2.95961782794880     
          70         106   3.02823697840943     
           5         107  0.467960432013711     
          30         107  0.327176847862264     
          71         107   2.08360262670133     
          72         108   2.93218328337052     
           4         109  0.448364039639497     
          29         109  0.353760765727573     
          73         109   1.98764195646356     
