    0.00779955
   -0.33340202
   -0.03893941
   -0.14691167
    0.68635395
   -0.14462637
   -0.47954935
   -0.06191085
   -0.15110022
   -0.09311554
    0.14742450
   -0.21458776
   -0.28019638
    0.29310265
    0.04714292
   -0.28330534
   -0.17205907
   -0.09606043
   -0.06925987
   -0.16322197
   -0.19723540
   -0.12133941
   -0.19831684
   -0.11002141
   -0.14416337
   -0.30231614
    0.36653126
    0.40151546
   -0.62988794
    0.03202757
    0.07533135
    0.04565046
    0.06179198
    0.09476696
   -0.00111798
    0.08511161
    0.54895361
    0.37914900
    0.23422202
   -0.04969965
   -0.04412047
   -0.03625635
    0.01544314
    0.25618448
   -0.07146523
   -0.01144284
    0.22333362
   -0.05047608
   -0.20405547
    0.18502585
    0.04604937
    0.00690755
    0.09221018
    0.09159470
    0.10405702
    0.08823879
    0.27987510
    0.08240483
    0.08294541
    0.22420030
    0.20766706
    0.41371275
    0.08489307
    0.22443054
    0.10733391
    0.09413856
    0.11616426
    0.08865687
    0.09316990
    0.19159638
    0.09560153
    0.14156176
    0.43554101
    0.18609186
    0.06671172
   -0.21412994
    0.27962918
    0.28305503
    0.28778669
    0.26275713
    0.24963178
    0.15271112
    0.34381108
    0.36545086
    0.19334400
    0.27813678
    0.21618180
    0.56048649
   -0.04588094
   -0.07167553
   -0.04054764
   -0.05504006
   -0.01822701
    0.30930972
   -0.12555475
   -0.25740798
    0.39115721
   -0.36554950
   -0.12157682
   -0.26005431
   -0.13262813
   -0.16601156
   -0.13864489
   -0.18111074
   -0.20902932
   -0.28117655
   -0.28812432
   -0.31368610
   -0.23942662
   -0.43619371
   -0.27932092
    1.37794328
   -0.35473970
   -0.34731338
   -0.33590837
   -0.34850621
   -0.43197750
   -0.19759217
   -0.56375668
    0.13512637
   -0.50381650
   -0.43055463
   -0.21069252
   -0.65311906
