           1           2  0.990981776755363     
           2           3  0.956720488883124     
           3           4  0.905956453065671     
           5           6  0.275550888341741     
           6           7   1.03109166415611     
           7           8   1.13922652860828     
           8           9  0.926143106684517     
           9          10  0.661497014203464     
          10          11  0.500823050694622     
          11          12  0.840480273811107     
          12          13  0.835446775104222     
          13          14  0.527454507834243     
          14          15  0.107113728344622     
          15          16   1.10599162009891     
          16          17   1.22223441498783     
          17          18   1.30016313823360     
          18          19   1.12916602135043     
          19          20   2.75353250072379     
          14          21  0.753211419012036     
          18          21   1.04475939897947     
           8          22   1.22485079323563     
          12          22   1.13308390160742     
          22          23   1.17895756873371     
           6          24   1.06077942217895     
          23          24   1.20534355226915     
          24          25  0.838410575408334     
          25          26  0.691667101711595     
          27          28  0.259005364196930     
          28          29  0.230991141019472     
           1          30  0.975977374031545     
           1          31  0.978442390941983     
           1          32  0.977237088297158     
           3          33  0.903628919535638     
           3          34  0.924667301993114     
           4          35  0.844078971150225     
           4          36  0.814001736993119     
           7          37  0.205739632106337     
          10          38  0.314663535642500     
          13          39  0.735370724206532     
          15          40  0.708812656257559     
          16          41  0.967388469623045     
          17          42  0.969617561117855     
          20          43  0.975801573657156     
          21          44  0.727252209884454     
          23          45  0.942626627534295     
          26          46  0.834191764029861     
          26          47  0.685404904531547     
          27          48  0.215792490850036     
          29          48  0.147884649905330     
          27          49  0.187605254393947     
          29          49  0.121858036591213     
          29          50  0.763967999013526     
          29          51  0.987989834006130     
          29          52  0.984156711056170     
          10          57  0.393646992460758     
          11          57  0.588075833344615     
          13          58  0.115925286652110     
          14          58  0.227232054834574     
          53          59  0.208415922598378     
           4          61  0.270982890308258     
           5          61  0.849219518797730     
           6          61  0.336100771343064     
          25          62  0.143033888775846     
          26          62  0.269607389300925     
          54          63  0.211527502700263     
          60          65  0.131616737522660     
          64          66  0.150590046615479     
          55          69  0.179321218705598     
          67          70  0.120323308454562     
          56          71  0.224472061921306     
          68          72  0.155903611363398     
           9          73  0.482062224235221     
          10          73  0.787346727466742     
          38          73  0.160543471822418     
           7          74  0.515293755834751     
          37          74  0.240933121919568     
          61          74  0.150560646528619     
          58          75  0.298046869751548     
          26          76  0.134256910388308     
          27          76   2.26377737805444     
          28          76  0.156921377607747     
          29          76  0.131419313423227     
          53          77  0.164499655541128     
          55          77  0.160339029322952     
          54          78  0.157385412210515     
          55          78  0.156844469639761     
          53          79  0.152700193281419     
          56          79  0.158258450851788     
          54          80  0.154455647679699     
          56          80  0.158351183267647     
          59          81  0.146015399961279     
          21          82  0.102650002559712     
          58          82  0.225620282781894     
          59          82  0.126705193856802     
          11          83  0.567584279624483     
          13          84  0.359284729756233     
          14          84  0.420649466647701     
          15          84  0.295586883107231     
          39          84  0.107481360951800     
          61          85  0.194409108989899     
          63          85  0.150496271315359     
          63          86  0.142115006700419     
           5          87  0.372346479820538     
           6          87  0.217769412503614     
          64          87  0.175598781239273     
          25          88  0.387485262400117     
          26          88  0.234204847045598     
          47          88  0.161546424087402     
          53          89   2.96443287143383     
          54          90   2.95793662920731     
          55          91   3.00375681583325     
          56          92   2.94918146089391     
          11          93  0.574096138394016     
          57          93   2.28388899746299     
          13          94  0.145349957987897     
          14          94  0.853788802094399     
          15          94  0.319332232341643     
          21          94  0.131113635368336     
          58          94   1.89732528764033     
          59          95   3.05961964738254     
          60          96   3.07769478002386     
           4          97  0.754657356493823     
           5          97  0.973765602344665     
           6          97  0.233665664149347     
          61          97   1.11608862461341     
          62          98   2.68972985713645     
          63          99   3.05238873416136     
          64         100   2.99419944828586     
          65         101   3.48167463078147     
          66         102   3.44297611361897     
          67         103   3.51201533524882     
          68         104   3.41010445250644     
          69         105   3.41197056330332     
          70         106   3.37914575583876     
          50         107  0.170284202816314     
          71         107   3.11614155312932     
          72         108   3.33414409182429     
           9         109  0.391826146373895     
          10         109  0.460240385072474     
          11         109  0.105447897650170     
          38         109  0.173384236384253     
          73         109   1.81202980264400     
           7         110  0.125346021672254     
          37         110  0.235260220445182     
          74         110   2.57638767254939     
          75         111   3.25696564684882     
          27         112  0.669324809879180     
          28         112   2.26184291692374     
          76         112  0.749708152460974     
          77         113   2.81896985732675     
          89         113  0.142727378071732     
          91         113  0.150067523009201     
          78         114   2.83410472607681     
          90         114  0.142789034478133     
          91         114  0.147002436479603     
          79         115   2.84617899724603     
          89         115  0.152528678409809     
          92         115  0.141281326094515     
          80         116   2.83237657943463     
          90         116  0.130117425994924     
          92         116  0.150570905120381     
          81         117   3.02344170469722     
          21         118  0.509507065169720     
          82         118   2.44500332460540     
          83         119   2.66219021618793     
          13         120  0.103772268184922     
          14         120  0.797082296729489     
          15         120  0.748603975508270     
          84         120   1.37820712268416     
          85         121   2.74776142641367     
          86         122   2.96200490730317     
           5         123  0.435001708564018     
           6         123  0.120339608877125     
          61         123  0.126444277029306     
          87         123   2.13921647805174     
          26         124  0.150423680302916     
          88         124   2.30851187641327     
