   -0.42797498
   -0.14235571
   -0.23680229
    0.03070246
   -0.21267058
   -0.19215446
    0.19576536
   -0.60449318
   -0.17883411
   -0.05091724
   -0.33144800
   -0.10374926
   -0.13520189
   -0.23985880
   -0.10840930
    0.26005011
   -0.29027215
   -0.18762602
   -0.25494916
   -0.10000172
   -0.35512687
    0.19874610
    0.03840761
   -0.38153926
    0.16290724
   -0.75343603
    0.26617895
   -0.31345927
   -0.27310595
    0.18673698
    0.11999338
   -0.22273771
   -0.23868925
   -0.13219100
   -0.20623941
   -0.13036909
    0.31256579
    0.69979414
    0.49723534
    0.27961265
    0.01667445
   -0.05140379
    0.61179845
   -0.02026396
   -0.01592305
    0.15788374
    0.21894065
   -0.15531619
    0.05122933
    0.11799244
    0.05227937
    0.44113215
    0.01536534
    0.00424728
    0.00602384
    0.09920287
    0.01135583
    0.01918203
    0.13280015
    0.10944030
    0.23340499
    0.10590093
    0.06090262
    0.28374974
    0.10579904
    0.33650950
   -0.25394261
    0.10170757
    0.33702496
    0.09657547
    0.13028278
    0.03533449
    0.20406785
    0.33949798
    0.10346392
    0.33064407
    0.08379853
    0.22593411
    0.07763859
    0.32815033
    0.28281496
    0.31683644
    0.27931488
    0.36901579
    0.09748838
    0.30401860
    0.35059286
    0.37620241
    0.27669258
    0.33050652
    0.32609646
    0.37637944
   -0.04853585
   -0.01963489
   -0.03948884
    0.00237186
   -0.03447983
   -0.03666643
   -0.23935972
    0.52841667
   -0.17174476
   -0.03479318
    0.21345040
   -0.03898754
   -0.39580616
   -0.13767997
   -0.14886537
   -0.09900334
   -0.25344411
   -0.39146088
   -0.14757593
   -0.20014868
   -0.21528817
    0.47109604
   -0.11949469
   -0.01415729
   -0.36071072
   -0.38524182
   -0.32237752
   -0.39712344
    0.84152203
   -0.38416699
   -0.44567122
   -0.38118437
   -0.51715698
   -0.43369389
   -0.41630544
   -0.44573781
