           1           2   1.01916192143623     
           2           3   1.64570248405099     
           3           4   1.04381332329047     
           4           5   1.69340180779917     
           4           6   1.09388363876296     
           5           6  0.133076007531730     
           6           7   1.13498222890279     
           6           8  0.128715540298115     
           7           8   1.59666922741337     
           2           9   1.11258540868128     
           7           9   1.09393324624816     
           8           9  0.125826355854321     
           9          10  0.998696020098552     
          10          11   1.39621484256036     
          11          12   1.44071726355350     
          12          13   1.40931174406023     
          13          14   1.00097949248279     
          11          15  0.104779192430212     
          13          15   1.41610659118721     
          10          16   1.34333307221126     
          15          16   1.39424328584760     
          16          17  0.985899971802964     
           6          18  0.965767686336086     
          18          19   1.39946954775198     
          19          20   1.44053465493220     
          20          21   1.43050464945292     
          19          22  0.109424495821099     
          21          22   1.44936890036537     
          18          23   1.32890465042895     
          22          23   1.36868661128397     
          23          24   1.08765998095030     
          24          25   1.19904949656529     
          24          26  0.167163174333063     
          25          26   1.70601702400012     
          25          27  0.970235898561364     
          27          28  0.972684467197826     
          27          29  0.966810744205603     
          28          29  0.984013618567460     
           3          30   1.01261664090470     
          30          31   1.35703617675097     
          31          32  0.962068649465254     
          31          33   1.40004230322474     
          30          34  0.107670451065442     
          33          34   1.43820136860251     
          34          35   1.43786910133961     
          30          36   1.40236926303252     
          33          36  0.110428728582924     
          35          36   1.44152569411545     
           1          37  0.977162088958642     
           1          38  0.962648502088585     
           1          39  0.974073331753248     
          11          40  0.963357059694631     
          12          41  0.966779927092005     
          15          42  0.962226281955782     
          19          43  0.968047914191645     
          20          44  0.968603207668394     
          21          45  0.969367405803238     
          22          46  0.959082425023852     
          24          47  0.875678904885059     
          27          48  0.953406166153219     
          28          49  0.981476739500123     
          28          50  0.979953974939744     
          29          51  0.981829446050049     
          29          52  0.980763330074616     
          33          53  0.966308993007538     
          34          54  0.969947614256856     
          35          55  0.969429718798480     
          36          56  0.969333712055237     
          64          65   1.15789760402157     
          67          68   1.18698627864901     
          65          69  0.293828283789558     
          63          70   1.03385358060163     
          66          71   1.11300226625553     
          70          73   1.23311769348174     
          72          75   1.20567220771995     
          74          76  0.982575825895989     
          64          77   1.27717924297333     
          67          78   1.12648063633943     
          63          79  0.963107632241058     
          76          80  0.973446084356785     
          78          81   1.06665865783705     
          62          83   1.19976454272041     
          70          84  0.929051934565775     
          79          84  0.991749409652345     
          83          86  0.980592497799055     
          60          87   1.01760610007511     
          82          87   1.20161308788537     
          84          89   1.16850772302115     
          71          90   1.03847961137790     
          77          91  0.978315927201763     
          90          91   1.26015335303149     
          72          92  0.998592162553324     
          79          92   1.15173366183715     
          75          93   1.00807085705029     
          61          94   1.24069430608221     
          68          95   1.08610736817953     
          72          95   1.12341645523177     
          63          96   1.17608360915157     
          81          96  0.989012529801633     
          95          96   1.10390778238419     
          61          97  0.989575486975985     
          94          97   1.09262506958891     
          73          98   1.07248244620390     
          80          98   1.01317292739527     
          86          99   1.22022100229137     
          88          99  0.997246916037707     
          91          99  0.958827873199136     
          83         100   1.04254081717833     
          94         100   1.03520960313563     
          77         101  0.932134706419585     
          97         102   1.17941358832001     
          57         103  0.969452412751751     
          58         103   1.14267237340723     
          82         103  0.925331379314394     
          59         104   1.27641254942163     
          93         104  0.963256773760494     
          65         105  0.640342930389623     
          69         105   1.28428725079539     
          93         105   1.00882744828552     
          67         106  0.961421688013703     
          78         106  0.791983453831586     
          65         107  0.932336122014310     
          75         107  0.926516781051249     
          68         108  0.966807556825138     
         101         108   1.07915166897324     
         107         108   1.26552999660427     
          57         109   1.00026201679109     
         102         109   1.07229788054654     
          66         110   1.04338802160193     
         102         110  0.959032994648591     
          76         111   1.13605920069442     
          85         112   1.03311858004049     
          98         112  0.975251360239396     
          86         113  0.992746216416711     
         100         113  0.985216627898923     
          88         114  0.989782730134784     
         101         114   1.19039607022332     
         106         114   1.04512608490239     
          58         115   1.00111294975766     
          59         115  0.958168109253856     
          82         115   1.06166915404322     
         103         115  0.127171830662076     
          58         116   1.00688247507933     
          89         116   1.12338438542880     
         111         116   1.16304144499274     
          60         117   1.15008422479328     
          71         117   1.00533649779125     
          73         118   1.00055689579459     
          81         118   1.24655786758377     
         112         118  0.983850989841964     
          60         119   1.15222086863425     
          69         119  0.626286145674840     
         104         119   1.10538084868224     
         105         119  0.186175179943779     
          62         120  0.887909522358873     
          85         120   1.21015907537573     
          64         121  0.973001652398982     
          69         121   1.00373030744172     
         117         121   1.00240172368933     
         119         121  0.119803542498222     
          66         122  0.944679486373145     
          90         122  0.983634395825358     
         113         122   1.26503358857588     
          61         123  0.995561202336766     
          74         123   1.14235169747334     
          80         124  0.937761785369013     
          85         124   1.12107644595884     
         123         124   1.11597459955386     
          62         125  0.967463868489567     
          88         125   1.26146589349108     
         120         125   1.03587380987408     
          57         126   1.28211269990152     
          74         126  0.990226216550333     
         111         126  0.993765729533962     
          59         127  0.977710801256987     
          89         127  0.922980097494890     
          92         127   1.17129195606524     
          87         128   1.09874528965391     
         109         128   1.13089113254800     
         110         128  0.950485875782659     
