   -0.65135319
    0.40897589
   -0.06111544
   -0.02684821
    0.09644527
    0.37447562
   -0.08398409
   -0.61188494
   -0.53473691
    0.08872950
    0.18579062
   -0.16000751
   -0.28472540
    0.00227383
   -0.21160684
    0.04129042
   -0.13753166
    0.19231920
    0.24773802
    0.37649988
    0.11595852
    0.16124765
    0.10726774
    0.10803035
    0.31067487
    0.39384407
    0.46275072
   -0.65102987
    0.43309378
    0.28207342
    0.08744257
    0.04687500
    0.04269086
    0.06484233
    0.19602325
    0.10572564
    0.07545665
    0.03430582
    0.04929890
    0.09012217
    0.26905352
    0.03453717
    0.20011126
    0.06608326
    0.10143554
    0.07405171
    0.14016692
    0.04718797
    0.15502596
    0.09245881
    0.13759594
    0.10571721
    0.06771845
    0.02014691
    0.05583952
    0.27259643
    0.24751670
    0.26927499
    0.31408203
    0.29078825
    0.26486031
    0.29193629
    0.26518022
    0.21086311
    0.29798678
    0.34683334
    0.35527751
   -0.02001560
   -0.03767165
   -0.02835066
   -0.13371795
   -0.06677078
   -0.06921792
   -0.05097015
   -0.05724348
   -0.02406865
   -0.17972444
   -0.05094055
   -0.09966708
   -0.12594292
   -0.14558630
   -0.11257853
   -0.18114752
   -0.18179727
   -0.08916118
   -0.16600617
   -0.22351129
   -0.19783979
   -0.14699793
   -0.14507374
   -0.12520291
   -0.33548490
   -0.32378795
   -0.34480481
   -0.34497314
   -0.35516687
   -0.35419825
   -0.35471613
   -0.36222959
   -0.32419764
   -0.30606129
   -0.36445025
   -0.33248936
