           1           2  0.245503300140540     
           3           4  0.390666258740395     
           4           5  0.281655930013317     
           5           6  0.361739207026128     
           7           8  0.659403080099466     
           1          10  0.106405625139172     
           2          10   1.45162318981636     
           7          10   1.01582002566280     
           9          10  0.787764957171505     
           2          11   1.75602481190650     
           3          11  0.386775378570756     
           1          12  0.402947433447654     
           3          12  0.399023371270282     
           4          12  0.410314024622777     
           3          13  0.608379129482061     
           4          13  0.527700965839517     
          12          13  0.113468200385138     
           4          14  0.396325431707416     
           5          14   1.36878276939349     
          13          14  0.510307402914704     
           4          15  0.111533233092716     
           5          15   1.14940925972226     
          14          15  0.233799202617374     
           6          16   1.45204992666158     
           7          16   1.25622461992675     
          10          16  0.143676452806380     
          14          16  0.342793400540848     
           6          17   1.14277601193656     
          16          17  0.168780673193035     
           1          18  0.908586359649633     
           1          19  0.580065643013859     
          12          19  0.311452352651470     
          11          20  0.349615860962400     
           3          21  0.764177251253234     
           3          22  0.517432612763643     
          12          22  0.367617844882187     
           4          23  0.781594326183651     
           4          24  0.577832195998749     
          12          24  0.310763367025874     
           5          25  0.355786260683306     
          14          25  0.167864804775072     
          15          25  0.181478426905674     
          14          26  0.274404904969482     
          15          26  0.380080769183654     
          25          26  0.160413199438159     
          17          27  0.739922417653209     
           6          28  0.494649766224846     
           7          29  0.274192025825676     
           9          29  0.472879837676301     
           8          30  0.962123573955511     
           8          31  0.938620888476593     
          39          40   1.14127934184901     
          42          43   1.19695020011264     
          40          44  0.283378526789759     
          38          45   1.02413577898608     
          41          46   1.09225515424190     
          45          48   1.24112403519648     
          47          50   1.17886124789956     
          49          51  0.980931656706742     
          39          52   1.28258879763454     
          42          53   1.11465569306792     
          38          54  0.964633178774141     
          51          55  0.970918603006317     
          53          56   1.07246892783681     
          37          58   1.19876985814090     
          45          59  0.930147455352085     
          54          59  0.977561826034242     
          58          61  0.987150665768113     
          35          62   1.02936137903314     
          57          62   1.20209088076518     
          59          64   1.17751889629255     
          46          65   1.04928044964688     
          52          66  0.981042082609159     
          65          66   1.23868858738812     
          47          67  0.995889080383550     
          54          67   1.16784966167008     
          50          68   1.00881719740085     
          36          69   1.23940385652604     
          43          70   1.08302281882782     
          47          70   1.13492487054220     
          38          71   1.17837130278715     
          56          71  0.992940107955985     
          70          71   1.09432954973010     
          36          72  0.991681492548655     
          69          72   1.08882040493353     
          48          73   1.06221715713085     
          55          73   1.01376319486414     
          61          74   1.20074770689588     
          63          74   1.00039673329877     
          66          74  0.957756042431879     
          58          75   1.03615229273491     
          69          75   1.03586832441744     
          52          76  0.935146228168050     
          72          77   1.18253415842554     
          32          78  0.969036236915730     
          33          78   1.15116228142853     
          57          78  0.932785979670310     
          34          79   1.27352875812151     
          68          79  0.959907475909680     
          40          80  0.636155463014357     
          44          80   1.28824110288085     
          68          80   1.00451042779079     
          42          81  0.957514265539673     
          53          81  0.787563771959013     
          40          82  0.934860998343709     
          50          82  0.935827338886958     
          43          83  0.962491989128583     
          76          83   1.09735574588341     
          82          83   1.22809223598497     
          32          84   1.00147836301712     
          77          84   1.06269219754022     
          41          85   1.04273131795650     
          77          85  0.958674838833918     
          51          86   1.12525768598926     
          60          87   1.03981914084316     
          73          87  0.975669671844750     
          61          88  0.993611516431956     
          75          88  0.975612338667345     
          63          89  0.987897430809362     
          76          89   1.15947429476041     
          81          89   1.04681690391371     
          33          90  0.987107546296749     
          34          90  0.965904982045203     
          57          90   1.04701565011034     
          78          90  0.121805619604705     
          33          91   1.00663580660685     
          64          91   1.10314842077248     
          86          91   1.17480751749629     
          35          92   1.15291397883110     
          46          92   1.00334052379167     
          48          93   1.00487031153280     
          56          93   1.23617871382029     
          87          93  0.982333972007645     
          35          94   1.13419983452964     
          44          94  0.637209214749795     
          79          94   1.10840931136877     
          80          94  0.181983727711674     
          37          95  0.886883168303508     
          60          95   1.21147237953246     
          39          96  0.980684677666195     
          44          96   1.01119036717744     
          92          96   1.00151729177035     
          94          96  0.125344628438442     
          41          97  0.945260321580404     
          65          97  0.979603314465017     
          88          97   1.27316538220005     
          36          98  0.996129530460132     
          49          98   1.13977747371691     
          55          99  0.936569523446415     
          60          99   1.11244630132578     
          98          99   1.11904417979853     
          37         100  0.959840075368458     
          63         100   1.27186961440101     
          95         100   1.02864865489012     
          32         101   1.27852790920080     
          49         101  0.985289558309316     
          86         101  0.992078476043072     
          34         102  0.986725132505761     
          64         102  0.922373829853782     
          67         102   1.15754177286471     
          62         103   1.08504863505996     
          84         103   1.14045554283225     
          85         103  0.949901209268682     
