   -0.20839986
    1.00439045
   -0.56196526
   -0.56218200
   -0.15604412
    0.00821251
   -0.28132237
    0.00306525
   -0.15744684
   -0.17838392
   -0.35468715
    0.12899525
   -0.06018358
    0.04617029
   -0.20679986
    0.04072029
   -0.23615117
    0.28158120
   -0.14111909
   -0.33770480
    0.03028677
   -0.29081526
    0.07344514
   -0.02322660
   -0.04836807
   -0.04662672
   -0.07065589
    0.15399996
   -0.21930132
    0.06049489
   -0.17097395
   -0.23422191
   -0.24461638
    0.14045008
   -0.45796265
    0.05060701
   -0.44374042
   -0.19026573
    0.19752540
    0.08076330
    0.08235767
    0.09676097
    0.07594202
    0.09793446
    0.06276820
    0.01439648
    0.14966395
   -0.00909359
    0.05127939
    0.00820965
   -0.00802048
    0.15950940
    0.05456574
    0.23340345
    0.30457285
    0.23763542
    0.04193613
    0.03803697
    0.04533038
    0.03780558
    0.04850840
   -0.27657317
   -0.01860741
    0.20299894
    0.10936003
    0.07536382
    0.13388221
    0.09952636
    0.13049719
    0.00848752
    0.13287846
    0.14443079
    0.10364686
    0.37922167
    0.10360228
    0.10930396
    0.08782023
    0.08280309
    0.10633332
    0.09449339
    0.08027818
    0.10870239
    0.20859569
    0.19125347
    0.09320896
    0.08394731
    0.42924304
    0.42978437
    0.30497055
    0.29391306
    0.30461538
    0.26604860
    0.32507023
    0.24798641
    0.32903836
    0.14041003
    0.27715578
   -0.01210171
    0.27288786
    0.22592293
   -0.04069476
   -0.03716052
   -0.00942171
   -0.02685799
   -0.03658446
    0.96749862
   -0.10205896
   -0.06984147
   -0.01229647
    0.01467602
   -0.11928042
   -0.10434605
   -0.12784267
   -0.11551021
   -0.10584336
   -0.08055496
   -0.12092823
   -0.11083672
   -0.28445995
   -0.21698554
   -0.13748987
   -0.11047061
   -0.21658688
   -0.59961118
   -0.32131985
   -0.30950070
   -0.35285716
   -0.34342480
   -0.38072622
   -0.52469573
   -0.35507092
   -0.21516096
   -0.29643565
    0.89859432
   -0.31307111
   -0.33428932
