           1           2  0.804920954362108     
           2           3   1.63896420272813     
           2           4   1.63787461382234     
           3           4  0.118737684147398     
           2           5  0.785486739178933     
           5           6   1.01046027199795     
           6           7   1.00850069167254     
           7           8  0.992260662104895     
           8           9   1.01231309705613     
           9          10   1.55121444464929     
          10          11   1.32357662889755     
           9          12  0.125880880999468     
          11          12   1.48782487802994     
          12          13   1.11893022133526     
          13          14   1.66586219195741     
          14          15   1.10588257276833     
          15          16   1.60600866612483     
          16          17   1.12175848918122     
          17          18   1.10209809921137     
          18          19   1.36334285986034     
          19          20   1.43705596906063     
          20          21   1.37101905470672     
          21          22   1.05608461939303     
          22          23  0.963059360440777     
          23          24   1.00118679115004     
          24          25   1.40903584298753     
          25          26   1.44121549310470     
          24          27  0.105101699391052     
          26          27   1.43425721881842     
          27          28   1.39553066719379     
          28          29  0.978741226123465     
          24          30   1.37773242856176     
          28          30   1.35314741538549     
          30          31   1.00056210699737     
          21          32   1.31773841104010     
          32          33  0.979800138741344     
          18          34   1.34486867390719     
          32          34   1.42669225046955     
          16          35   1.09966743513928     
          35          36   1.74682755800887     
          35          37  0.116312103394657     
          36          37   1.16146843718789     
          13          38   1.02352177948879     
          37          38   1.81632022579997     
           9          39   1.11325017826932     
          12          39   1.07680716545939     
           1          40  0.978561384975331     
           1          41  0.980087224437573     
           1          42  0.971551051726747     
           5          43  0.968583376272710     
           5          44  0.961178693820261     
           6          45  0.969443850583619     
           6          46  0.965045289145173     
           7          47  0.954574243641659     
           8          48  0.960289620507398     
           8          49  0.968152440535926     
          10          50  0.972595285216278     
          11          51  0.972400589887511     
          14          52  0.953067922492172     
          15          53  0.948860711691048     
          17          54  0.935804607138058     
          19          55  0.962102867294025     
          20          56  0.964208491961722     
          23          57  0.960420075709954     
          23          58  0.964050748618647     
          25          59  0.966307697965812     
          26          60  0.968303879390885     
          27          61  0.964421156735656     
          34          62  0.964713448408768     
          36          63  0.933548389847145     
          38          64  0.949534825415554     
          72          73   1.15807915764734     
          75          76   1.18677104794874     
          73          77  0.293727174040788     
          71          78   1.03329739140987     
          74          79   1.11282223105922     
          78          81   1.23293883717170     
          80          83   1.20551223179038     
          82          84  0.982424759950381     
          72          85   1.27707577162594     
          75          86   1.12646286307204     
          71          87  0.963184349426926     
          84          88  0.973266489575731     
          86          89   1.06713172035146     
          70          91   1.20039881279553     
          78          92  0.928769509614732     
          87          92  0.991233328022413     
          91          94  0.980700510816536     
          68          95   1.01789522083287     
          90          95   1.20142618555956     
          92          97   1.16823036976524     
          79          98   1.03871102324521     
          85          99  0.978282057247249     
          98          99   1.25999856128193     
          80         100  0.998588905558582     
          87         100   1.15222513564763     
          83         101   1.00804269451884     
          69         102   1.24088583480251     
          76         103   1.08645560418479     
          80         103   1.12348190101253     
          71         104   1.17664485641582     
          89         104  0.988970832115182     
         103         104   1.10362414897057     
          69         105  0.989928274889703     
         102         105   1.09266737979870     
          81         106   1.07248315460647     
          88         106   1.01306121336526     
          94         107   1.22022773746570     
          96         107  0.997362555111746     
          99         107  0.958880043845639     
          91         108   1.04205790145123     
         102         108   1.03548047113910     
          85         109  0.932117228972749     
         105         110   1.17930083888453     
          65         111  0.969534674775328     
          66         111   1.14266073449174     
          90         111  0.925687749479083     
          67         112   1.27661362010501     
         101         112  0.963285643101313     
          73         113  0.640155899485954     
          77         113   1.28420010202801     
         101         113   1.00877474702638     
          75         114  0.961642110769982     
          86         114  0.792048931966198     
          73         115  0.932304752846766     
          83         115  0.926546686185133     
          76         116  0.966851530350375     
         109         116   1.07902948522041     
         115         116   1.26580308995243     
          65         117   1.00034155097311     
         110         117   1.07236906525979     
          74         118   1.04339162350813     
         110         118  0.959008923070263     
          84         119   1.13596211981807     
          93         120   1.03287910720289     
         106         120  0.975212319184072     
          94         121  0.992958613768909     
         108         121  0.985146029458901     
          96         122  0.989833265783708     
         109         122   1.19068621032020     
         114         122   1.04519376182459     
          66         123   1.00074652783923     
          67         123  0.958358496337361     
          90         123   1.06166728505488     
         111         123  0.127092049727308     
          66         124   1.00678282291260     
          97         124   1.12339271985323     
         119         124   1.16314300328475     
          68         125   1.14993065691461     
          79         125   1.00535752180591     
          81         126   1.00104274808559     
          89         126   1.24621423208025     
         120         126  0.983970743852775     
          68         127   1.15218288553523     
          77         127  0.626382098753082     
         112         127   1.10532659691760     
         113         127  0.186267665749146     
          70         128  0.888061056857383     
          93         128   1.21077936271988     
          72         129  0.972991546831134     
          77         129   1.00368899909371     
         125         129   1.00240936955164     
         127         129  0.119778099814627     
          74         130  0.944728209375456     
          98         130  0.983619934225640     
         121         130   1.26496401870575     
          69         131  0.995490604726290     
          82         131   1.14155092461141     
          88         132  0.937968816196961     
          93         132   1.12082007818933     
         131         132   1.11686189545601     
          70         133  0.967632967767649     
          96         133   1.26135053257410     
         128         133   1.03594598170234     
          65         134   1.28180688428563     
          82         134  0.990266569571584     
         119         134  0.993879498101590     
          67         135  0.977858909150650     
          97         135  0.922969476557766     
         100         135   1.17118621183407     
          95         136   1.09863313068727     
         117         136   1.13112583116387     
         118         136  0.950481392689753     
