   -0.54040824
    0.16138152
   -0.11234173
   -0.30545339
   -0.23461395
    0.60820582
   -0.23464718
    0.28348112
   -0.18996787
    0.17297338
   -0.59711316
   -0.08513265
   -0.06727287
   -0.07724168
   -0.08478756
   -0.22287756
   -0.22764777
   -0.18201004
   -0.27745695
    0.02647782
   -0.18893141
   -0.25424418
   -0.29321980
    0.08970329
   -0.32003945
    0.04366556
   -0.69276811
   -0.06602189
   -0.04956899
   -0.09721312
    0.35842652
   -0.28192501
    0.01056590
   -0.15109703
   -0.53270127
    0.12648846
    0.00477155
   -0.02460083
   -0.03174765
    0.36388510
   -0.01370429
    0.53666108
    0.21551565
    0.43057058
    0.50896891
    0.39499841
   -0.04063569
    0.05309445
    0.01938043
    0.00145322
    0.03533940
    0.53775175
    0.66246449
    0.13406916
    0.26783650
    0.02941980
    0.25562161
    0.16538110
    0.08916995
    0.11281331
   -0.06233114
    0.16462756
    0.17943699
    0.09119191
   -0.07921663
    0.19518439
    0.14458058
    0.02653764
    0.13119987
    0.12693635
    0.10804262
    0.24046570
    0.11938578
    0.03636991
    0.08965102
    0.26771570
    0.13131641
    0.00582624
    0.07960263
    0.27604854
    0.44838810
    0.22105830
    0.30262617
    0.28801695
   -0.10394641
    0.19680600
    0.30620273
    0.33461581
   -0.12294662
    0.29967336
    0.20608437
   -0.04020611
   -0.22034759
   -0.09172897
   -0.03182511
   -0.12527948
    0.08650787
   -0.27658661
   -0.01881331
   -0.02132186
    0.32242765
    0.85135050
   -0.01116974
   -0.10751242
   -0.14451977
   -0.13754593
   -0.12032053
   -0.29495696
   -0.11700535
   -0.11867372
   -0.09882553
   -0.40567350
   -0.22068937
   -0.16067239
   -0.20646343
   -0.33229331
   -0.55064706
   -0.34114758
   -0.37437032
   -0.39039929
   -0.02711884
   -0.51318779
   -0.23102405
   -0.51837713
    0.61108509
   -0.27943675
   -0.21552669
