           1           2   1.67279385160758     
           2           3  0.956572587491238     
           3           4   1.41377911190134     
           4           5   1.40930962676567     
           5           6  0.996772235820892     
           6           7  0.996974723275319     
           7           8   1.63344531600970     
           8           9   1.16825493435460     
           9          10   1.13516447118254     
           9          11  0.161049670228754     
          10          11   1.66637972043144     
          10          12   1.05071699089123     
          12          13   1.36222492477153     
          13          14   1.48428755681583     
          14          15   1.38434575104475     
          13          16  0.109534493878992     
          15          16   1.49516013914337     
           7          17   1.13210825238675     
          12          17   1.31663000232461     
          16          17   1.33742547011511     
           3          18  0.104791877378772     
           5          18   1.41058837424433     
           4          19  0.108339322737988     
          18          19   1.43755111074684     
           3          20   1.35860287657728     
          19          20   1.40287252596511     
          20          21  0.955216386255120     
           1          22  0.204971237069296     
           2          22   1.24465426952066     
          22          23  0.982772698796792     
          23          24   1.00672502201010     
          24          25  0.987154497986123     
          25          26   1.22295278382688     
          25          27  0.190459687219468     
          26          27   1.66562718139899     
          26          28  0.984030033068439     
          28          29  0.970830914600494     
          28          30  0.940351443654107     
          29          30  0.992403360173772     
          25          31  0.988237624081012     
          22          32  0.987621535750106     
          31          32  0.999612677048684     
           4          33  0.964980821728307     
           6          34  0.960613037579613     
           6          35  0.953952219555760     
           9          36  0.928490819780115     
          13          37  0.964539441981550     
          14          38  0.969734121864116     
          15          39  0.970235375511188     
          16          40  0.965307591525331     
          18          41  0.967575893605720     
          19          42  0.965523072360186     
          23          43  0.962881592109211     
          23          44  0.960888079055656     
          24          45  0.964746149681967     
          24          46  0.962697176514724     
          28          47  0.961650596257867     
          29          48  0.975781902105087     
          29          49  0.980994780643170     
          30          50  0.980162897415241     
          30          51  0.981041147210099     
          31          52  0.964824625699934     
          31          53  0.958720594135875     
          32          54  0.966164359521701     
          32          55  0.962644770947637     
          63          64   1.15726876137154     
          66          67   1.18673878546034     
          64          68  0.294277727630205     
          62          69   1.03699541346131     
          65          70   1.11117434935785     
          69          72   1.22963969494314     
          71          74   1.20762629982792     
          73          75  0.983480889836687     
          63          76   1.27729600210863     
          66          77   1.12811282335062     
          62          78  0.962797429459352     
          75          79  0.973664544072811     
          77          80   1.06431678090966     
          61          82   1.20098832890558     
          69          83  0.929276471318464     
          78          83  0.992355462788453     
          82          85  0.981692775175363     
          59          86   1.01801910727413     
          81          86   1.20281448915401     
          83          88   1.17109338880497     
          70          89   1.03953857470809     
          76          90  0.978352461581047     
          89          90   1.25915026288254     
          71          91  0.998750481008504     
          78          91   1.15001954711962     
          74          92   1.00824146861420     
          60          93   1.24065943762636     
          67          94   1.08498582736187     
          71          94   1.12158885885481     
          62          95   1.17400243402802     
          80          95  0.988319897059981     
          94          95   1.10718266576206     
          60          96  0.989802003398310     
          93          96   1.09167701882577     
          72          97   1.08230064913073     
          79          97   1.01558849269775     
          85          98   1.21782423101426     
          87          98  0.999210731819312     
          90          98  0.958874684795861     
          82          99   1.04040757528967     
          93          99   1.03456379799563     
          76         100  0.932369409632551     
          96         101   1.18087489512249     
          56         102  0.969659161057333     
          57         102   1.14312251249300     
          81         102  0.924537015750096     
          58         103   1.27570786417524     
          92         103  0.962992977429059     
          64         104  0.640353457277939     
          68         104   1.28458177573304     
          92         104   1.00860456017256     
          66         105  0.960505769898134     
          77         105  0.794404492928659     
          64         106  0.932146827565651     
          74         106  0.926092542182011     
          67         107  0.967285522793224     
         100         107   1.07878722711035     
         106         107   1.26602805471862     
          56         108   1.00020749754883     
         101         108   1.07015299545350     
          65         109   1.04323966651399     
         101         109  0.959002095575053     
          75         110   1.14127166051733     
          84         111   1.04104952875507     
          97         111  0.975986867653597     
          85         112  0.993249638493273     
          99         112  0.984289233335711     
          87         113  0.989722741111426     
         100         113   1.19159070634948     
         105         113   1.04346054578161     
          57         114   1.00186649814688     
          58         114  0.958441509058404     
          81         114   1.06049820265528     
         102         114  0.127065574959414     
          57         115   1.00704281365314     
          88         115   1.12168754580858     
         110         115   1.16252747834781     
          59         116   1.15114314184865     
          70         116   1.00516197496214     
          72         117  0.994797960323289     
          80         117   1.25049508779873     
         111         117  0.984853154581015     
          59         118   1.15046918188621     
          68         118  0.626763333937110     
         103         118   1.10631123092916     
         104         118  0.186241023544701     
          61         119  0.887648160220266     
          84         119   1.20663424444520     
          63         120  0.973304509215205     
          68         120   1.00407074228623     
         116         120   1.00231929226627     
         118         120  0.119715308423754     
          65         121  0.944507494574544     
          89         121  0.983334144643164     
         112         121   1.26546037863353     
          60         122  0.996284857200106     
          73         122   1.14346742751530     
          79         123  0.937318116057388     
          84         123   1.11777811559622     
         122         123   1.11664262163363     
          61         124  0.964941419444430     
          87         124   1.26082711279008     
         119         124   1.03866839025771     
          56         125   1.28453872569507     
          73         125  0.990775475279819     
         110         125  0.989159124844964     
          58         126  0.977802400126116     
          88         126  0.923370194859253     
          91         126   1.17299931439525     
          86         127   1.09712638199009     
         108         127   1.13235393735078     
         109         127  0.950340374698078     
