   -0.10447668
   -0.06408662
    0.01686621
   -0.02510827
    0.00117159
   -0.05926753
    0.04922858
   -0.06223378
    0.00856604
   -0.02556962
    0.25737747
   -0.44576577
   -0.04669913
    0.14548357
   -0.06435343
   -0.03711152
   -0.38553292
    0.08865111
   -0.24607932
    0.08797409
   -0.01450627
   -0.03664282
   -0.06858686
    0.14717778
   -0.06733346
   -0.38641355
    0.04145107
    0.04646990
    0.03971685
    0.04799598
    0.04472048
    0.07963961
    0.07525006
    0.05998844
    0.07951071
    0.03142253
    0.04250083
    0.30094409
    0.04479440
    0.03042404
    0.07092109
    0.30151818
    0.07664060
   -0.22934646
    0.09138833
   -0.31430324
    0.08790333
   -0.26931665
    0.24042028
   -0.27275307
    0.15003750
   -0.10874755
    0.37282609
   -0.21312976
    0.02188279
   -0.22531093
    0.20799442
   -0.16364868
    0.31985511
   -0.07580892
    0.09382913
   -0.12619519
    0.08991955
   -0.31011633
    0.22558092
   -0.00049829
    0.32563500
   -0.35981717
    0.34004413
   -0.25625259
    0.32057627
   -0.36820777
    0.30123477
   -0.20526043
    0.19534548
   -0.16714531
    0.08177328
   -0.17434888
    0.11010947
   -0.14296772
    0.31193765
   -0.35513570
    0.18433356
   -0.13279067
    0.20980944
   -0.24751283
    0.16393815
   -0.20538049
    0.23031777
   -0.28594717
    0.03536800
   -0.18518653
    0.08451142
   -0.15600758
    0.21093525
    0.01457227
    0.30405630
   -0.11756627
    0.31972818
   -0.06053570
    0.23086845
   -0.18264124
    0.11219239
   -0.22482908
    0.25243774
   -0.23033390
    0.11400398
   -0.08567667
    0.20525667
   -0.22677724
    0.36860565
   -0.17936849
    0.10558485
   -0.25258680
