           1           2  0.996099706597473     
           2           3   1.01515063930780     
           3           4   1.51114141844043     
           4           5   1.01832133076166     
           5           6  0.978475172603256     
           6           7   1.14553358193001     
           7           8   1.54590763703565     
           8           9   1.20703213797918     
           9          10   1.28499311785532     
           6          11   1.14248752630959     
          10          11   1.05292221020822     
           6          12  0.157577220303643     
          11          12   1.64787091892464     
          10          13   1.38618114648464     
          13          14   1.39731162729303     
          14          15   1.31886793141008     
           9          16   1.31604167147326     
          13          16  0.104582790608741     
          15          16   1.51042282436920     
          14          17   1.07700090810530     
           4          18   1.21786492211158     
           7          18   1.07898590386451     
          18          19   1.48634170946899     
          19          20   1.27783802139088     
           3          21   1.24174530396417     
          20          21   1.22503111467205     
          21          22   1.29395457189893     
          22          23   1.54762374812322     
          23          24   1.27503287364222     
          20          25   1.29572467328589     
          22          25  0.109980680025589     
          24          25   1.45616317739065     
          24          26   1.07778040712510     
           1          27  0.987982040115028     
           1          28  0.984916715418783     
           1          29  0.986978544037540     
           2          30  0.972919942439420     
           2          31  0.966464827827415     
           5          32  0.945823108238589     
           5          33  0.945398513344238     
           8          34  0.964031477500572     
          13          35  0.961181473838697     
          15          36  0.965741788139313     
          16          37  0.968319959706807     
          17          38  0.887965600685638     
          22          39  0.963409687782534     
          23          40  0.965907807775436     
          25          41  0.963420289186341     
          26          42  0.887578896069468     
          50          51   1.15906777175645     
          53          54   1.18670487317077     
          51          55  0.292677252154549     
          49          56   1.03258586485524     
          52          57   1.11594883380307     
          56          59   1.23319528991450     
          58          61   1.20464998720867     
          60          62  0.982777500627703     
          50          63   1.27606399490675     
          53          64   1.12623477975620     
          49          65  0.963117925627855     
          62          66  0.972014153691380     
          64          67   1.06688324434943     
          48          69   1.19974913363282     
          56          70  0.927517263246302     
          65          70  0.992233172011603     
          69          72  0.979098017879082     
          46          73   1.01785948653469     
          68          73   1.19777966058647     
          70          75   1.16289226092162     
          57          76   1.03705606337402     
          63          77  0.978181870321342     
          76          77   1.26108302180668     
          58          78  0.998486947748215     
          65          78   1.15238636989142     
          61          79   1.00833520832689     
          47          80   1.23973975129094     
          54          81   1.08635149721727     
          58          81   1.12400733607850     
          49          82   1.17695337914643     
          67          82  0.988911955767561     
          81          82   1.10297187404407     
          47          83  0.988827287649477     
          80          83   1.09579367357791     
          59          84   1.06971384944939     
          66          84   1.01207663889787     
          72          85   1.22174118262289     
          74          85  0.996654852874924     
          77          85  0.958885159675853     
          69          86   1.04399016182708     
          80          86   1.03458502260221     
          63          87  0.932074890960341     
          83          88   1.17669037630193     
          43          89  0.970066605534116     
          44          89   1.14063084371986     
          68          89  0.926830099558425     
          45          90   1.27722068536119     
          79          90  0.963652320598155     
          51          91  0.640223856888698     
          55          91   1.28435987422148     
          79          91   1.00932362937931     
          53          92  0.961862395698072     
          64          92  0.791957359299037     
          51          93  0.932318393202262     
          61          93  0.926426827985686     
          54          94  0.966534393585962     
          87          94   1.07844062864668     
          93          94   1.26596722871856     
          43          95  0.999915307510706     
          88          95   1.07629433817897     
          52          96   1.04281280521539     
          88          96  0.958451151782959     
          62          97   1.13947861076937     
          71          98   1.02874695405116     
          84          98  0.974508208221940     
          72          99  0.992601957405852     
          86          99  0.987334772368624     
          74         100  0.990115544837552     
          87         100   1.19122598799195     
          92         100   1.04513060036951     
          44         101   1.00036465514355     
          45         101  0.957596506309399     
          68         101   1.06399799941174     
          89         101  0.126804009080439     
          44         102   1.00570652246025     
          75         102   1.12775239864483     
          97         102   1.16037341300308     
          46         103   1.14918531495853     
          57         103   1.00533860988735     
          59         104   1.00315598549059     
          67         104   1.24584372456186     
          98         104  0.983822886613536     
          46         105   1.15305046115346     
          55         105  0.626954253084455     
          90         105   1.10440360681020     
          91         105  0.185755439472216     
          48         106  0.887955320394804     
          71         106   1.21008306449221     
          50         107  0.972616959084979     
          55         107   1.00449208714874     
         103         107   1.00222535402332     
         105         107  0.120191560901953     
          52         108  0.945550762307374     
          76         108  0.983754504182102     
          99         108   1.26312256352420     
          47         109  0.994983795105091     
          60         109   1.14711489607305     
          66         110  0.940575620004696     
          71         110   1.12554123227449     
         109         110   1.11006604415708     
          48         111  0.968878173047624     
          74         111   1.25965459098872     
         106         111   1.03705676309511     
          43         112   1.28128562325368     
          60         112  0.992963174534420     
          97         112  0.992055221219722     
          45         113  0.978046433272054     
          75         113  0.923530738339137     
          78         113   1.17026409757439     
          73         114   1.10154230652870     
          95         114   1.12791145876128     
          96         114  0.950396049846629     
