    0.05034746
   -0.39527675
    0.00817173
   -0.13522655
   -0.09419243
   -0.19819157
   -0.18393485
    0.24890191
    0.60998791
   -0.20843555
   -0.05898869
   -0.58738114
   -0.16188090
   -0.20803318
   -0.26580032
    0.12349287
   -0.25278298
    0.66817819
   -0.45636625
   -0.39534285
   -0.34360704
   -0.09815767
    0.19275984
    0.21416654
   -0.71244985
   -0.02305477
   -0.57839251
   -0.36833042
   -0.02071294
   -0.48944833
   -0.07672980
   -0.25358506
   -0.18456361
   -0.44872166
    0.06740611
   -0.50081753
   -0.14359812
   -0.21048117
    0.81217259
    0.04366147
    0.03204794
    0.03265475
   -0.02801275
   -0.03646020
   -0.13843928
    0.44569105
    0.38422896
    0.28071478
    0.45450697
    0.25276470
    0.08742678
    0.01598249
    0.54111530
    0.48907648
    0.55490633
    0.06207012
    0.17761776
    0.04408451
    0.38086612
    0.50047172
    0.13221719
    0.21804547
    0.02914983
    0.27579236
    0.00088400
    0.03109161
    0.04409230
    0.07089246
    0.04115183
   -0.01714819
    0.22693896
    0.06080107
    0.25621910
    0.10283145
    0.14085322
    0.24324946
    0.18494495
    0.13628326
    0.32959239
   -0.01711286
    0.14871369
    0.12410288
    0.12697425
    0.11459030
    0.13620118
    0.07680448
    0.05392935
    0.11497001
    0.09465524
   -0.00988542
    0.07531140
    0.14765232
    0.48394520
    0.25770294
    0.30398943
    0.21359583
    0.22208756
    0.30027976
   -0.02557245
    0.07565236
    0.48986181
    0.21288046
    0.20315979
    0.29899251
   -0.12470856
    0.08685558
   -0.29565882
   -0.00158617
   -0.40102782
   -0.06512023
   -0.34444855
    0.28393868
   -0.25326205
   -0.21028247
   -0.11644958
    0.16485180
   -0.32788399
   -0.32073255
   -0.16014116
   -0.13991851
   -0.21126353
   -0.08689208
   -0.12899837
   -0.13008211
   -0.17944637
   -0.03985195
   -0.17889746
   -0.26813206
   -0.39206737
   -0.45363731
   -0.40159176
   -0.43948881
    0.99836083
   -0.41049696
    0.17347616
   -0.40578868
   -0.32564705
   -0.53401463
   -0.50320935
   -0.10619809
