           1           2  0.983303396414749     
           2           3  0.938672030314490     
           3           4   1.34092697906769     
           4           5   1.31640193160730     
           5           6   1.39065405102502     
           6           7   1.00852690737777     
           7           8  0.396551206190602     
           8           9  0.292721177582642     
           8          10  0.614636091760774     
          10          11   1.10271470737343     
          11          12  0.927652934602229     
          11          13   1.24223733832734     
          11          14  0.113067943866838     
          13          14   1.17339877325903     
          14          15   1.13587250956173     
          15          16  0.572477531960029     
          10          17  0.876065568516144     
          15          17  0.958085695398660     
          18          19  0.105290715619563     
           3          20   1.12473635084805     
           7          20  0.986821884982364     
          19          20  0.254115198418466     
          14          21  0.901233846512633     
          21          22  0.860508824364416     
          22          23  0.433142082651313     
          22          24  0.485966747217744     
          24          25   1.19380702037267     
          24          26  0.852939756587743     
          26          27  0.979998421234955     
          22          28  0.745274538856553     
          13          29  0.984286766512735     
          28          29  0.875420722846193     
          29          30  0.826364049178667     
          30          31  0.803466935050094     
          31          32  0.784673594572161     
          32          33  0.903051161449672     
          33          34  0.979283640558193     
          33          35  0.949743168328840     
          35          36  0.933443030721246     
          35          37  0.913889895530105     
          37          38  0.869346068259177     
          31          39  0.247085841486268     
          37          39  0.397805552511418     
           1          40  0.977766860252648     
           1          41  0.981996424358698     
           1          42  0.978348970699183     
           4          43  0.967833516858735     
           5          44  0.969459703086304     
           6          45  0.942760761962171     
          12          46  0.541867923889854     
          16          47  0.496961486159692     
          21          48  0.683399298517624     
          21          49  0.431459989028216     
          23          50  0.485515729090622     
          26          51  0.955662379205603     
          26          52  0.944615908830356     
          27          53  0.349831224244024     
          28          54  0.296902501359649     
          28          55  0.283682787421793     
          29          56  0.876970458414371     
          31          57  0.812712827574764     
          32          58  0.934409666896031     
          32          59  0.572869635032320     
          33          60  0.224997775575339     
          34          61  0.954358573453618     
          34          62  0.833858764615568     
          35          63  0.933662217459145     
          36          64  0.873263520690883     
          37          65  0.921088410721895     
          38          66  0.981504563494594     
          38          67  0.971159958487154     
          38          68  0.945423132160046     
          23          70  0.217098543894392     
          53          70  0.111828422493531     
          21          71  0.162432464830105     
          10          73  0.150235260265227     
          17          73  0.190812091575099     
          69          75  0.233416856811504     
           8          76  0.360949127045287     
           9          76   1.64966920568190     
          28          77  0.647218009851310     
          54          77  0.150149057062304     
          55          77  0.160172365668241     
          60          78  0.142368574351959     
          23          79   1.17279427130316     
          37          80  0.104147106154221     
          39          80  0.541437586834951     
          12          81  0.111812635321376     
          46          81  0.194485555248583     
          80          82  0.247406677928570     
          83          86  0.121568695458992     
          72          87  0.167863424717813     
          84          88  0.126596233261620     
          73          89  0.148231225156137     
          54          90  0.203449016578150     
          74          91  0.173894189289063     
          32          92  0.128265994287199     
          59          92  0.185324421459748     
          78          92  0.190714210561348     
          16          93   1.21437532177826     
          21          94  0.395199279508538     
          49          94  0.209637011006422     
          69          95  0.135523244642063     
          72          95  0.142059049625193     
          70          96  0.173728514917447     
          72          96  0.148291916173611     
          17          97  0.894127445046779     
          18          97   1.08624204447470     
          19          97  0.339637323658913     
          20          97  0.143833629460517     
          74          98  0.160054838889778     
          75          98  0.122603184424191     
           7          99  0.182549936614216     
           8          99  0.484800948220074     
          73          99  0.116516499997644     
          74         100  0.192323628853479     
          76         100  0.246286418628332     
          22         101  0.601542657581889     
          24         101  0.421725067475071     
          28         101  0.120752764243882     
          50         102  0.103668139902148     
          78         102  0.232892172676798     
          80         103  0.235633946341261     
          31         104  0.496123968203333     
          39         104  0.504657375585426     
          78         104  0.126465049620312     
          69         105   3.12039052071817     
          27         106  0.233562448773856     
          53         106  0.223858379293037     
          70         106   2.81240853831740     
          71         107   3.10354010367708     
          72         108   3.16979430746466     
          20         109  0.219987862223808     
          73         109   2.64852811227833     
          74         110   2.98197246239987     
          75         111   2.94915949988950     
          97         111  0.102011070169192     
           8         112  0.515429358182537     
           9         112  0.848731783546210     
          76         112   1.02346772121997     
          28         113  0.189816574673512     
          55         113  0.171340416614787     
          77         113   2.42314104946135     
          60         114  0.354028719350709     
          78         114   2.36535639476768     
          22         115  0.148163704477414     
          23         115  0.414394050849671     
          79         115   2.20869474539512     
          31         116  0.169838292778330     
          39         116  0.929974754985591     
          80         116   1.75935259723509     
          12         117  0.164514915084327     
          81         117   3.09175062354513     
          82         118   3.16422987664283     
          83         119   3.48216682172899     
          84         120   3.48336527530289     
          85         121   3.35137707093759     
          86         122   3.54157351869625     
         119         122  0.111773647124196     
          87         123   3.47745721467968     
          88         124   3.49546186853961     
         120         124  0.107128031132605     
          89         125   3.43250758432886     
          28         126  0.148749299168007     
          90         126   3.32896193045386     
          91         127   3.43972366518353     
          32         128  0.117458751656062     
          92         128   2.92393474311183     
          15         129  0.228449044938254     
          16         129  0.436431782765394     
          93         129   1.90417129085046     
          21         130  0.103148597343899     
          94         130   2.68533364289643     
          95         131   2.97435829614541     
         105         131  0.104749412931540     
         108         131  0.142250750373510     
          96         132   2.92816732340405     
         108         132  0.117164612559384     
          17         133  0.198407132621456     
          18         133   2.63036591648158     
          19         133  0.146750505546333     
          20         133  0.219152150183922     
          97         133  0.463136407311537     
          98         134   2.94357831330909     
         110         134  0.127853444329032     
         111         134  0.102728711832237     
           7         135  0.769077893295469     
           8         135  0.739670597967565     
          99         135   1.73114162235070     
         100         136   2.52578750078102     
         110         136  0.158804113347496     
          24         137  0.584228799859071     
         101         137   2.10104491465602     
         102         138   2.87679628584177     
         103         139   2.91093866699809     
          37         140  0.174369962096868     
          39         140  0.582894872091275     
         104         140   1.84367518772544     
