   -0.20670467
    0.48554572
   -0.20606654
   -0.02543372
   -0.02304783
   -0.03086259
    0.02487684
   -0.03142791
   -0.02169155
   -0.02717518
   -0.01579652
   -0.05800431
    0.15564307
   -0.23234739
   -0.05000630
   -0.06251370
    0.06415391
   -0.17292953
    0.01654613
    0.26340009
   -0.38332021
   -0.07999759
   -0.17573118
    0.08616289
   -0.21037447
    0.06495332
    0.05349665
    0.06003262
    0.06496297
    0.07655036
    0.05665765
    0.06132141
    0.04397774
    0.17249091
    0.06648838
    0.19617078
    0.07610648
   -0.22796868
    0.09176949
   -0.31416258
    0.08324991
   -0.27069121
    0.24168588
   -0.27230248
    0.15028810
   -0.10962356
    0.37274246
   -0.21225491
    0.02222034
   -0.21771384
    0.20899677
   -0.16276090
    0.32211785
   -0.08421009
    0.09379043
   -0.12983031
    0.08984683
   -0.30937851
    0.22666879
   -0.00718188
    0.32519906
   -0.35973097
    0.33991968
   -0.25203674
    0.31955919
   -0.36811611
    0.30117192
   -0.20480573
    0.19524273
   -0.16705512
    0.08209970
   -0.17371832
    0.11048476
   -0.14379697
    0.31149450
   -0.35356250
    0.18414113
   -0.12659384
    0.21018182
   -0.24825887
    0.16381389
   -0.20596247
    0.22972519
   -0.28550711
    0.03598308
   -0.18536086
    0.08468508
   -0.15536912
    0.21058358
    0.01546547
    0.30586944
   -0.11561042
    0.32006085
   -0.06071858
    0.23106971
   -0.18319627
    0.11227665
   -0.22293673
    0.25249617
   -0.23108262
    0.11430883
   -0.08576827
    0.20264817
   -0.23296232
    0.36914715
   -0.18042297
    0.10603097
   -0.25249045
