           1           2  0.864698401728317     
           2           3  0.827551152245213     
           2           4  0.953583271950399     
           4           5  0.938399758473233     
           5           6   1.21025753963286     
           6           7   1.24554864820869     
           7           8   1.13273755884113     
           4           9   1.08970696525613     
           8           9  0.812222535580626     
           7          10  0.965299370682998     
          10          11  0.980315842455406     
          11          12   1.08487677580384     
          12          13  0.703949830997360     
          13          14  0.381445913091083     
          13          15   1.03778758567385     
          15          16  0.517963195081028     
          11          17   1.18337578848932     
          16          17  0.632881592687586     
          17          18  0.930162886608784     
          18          19  0.783193369496008     
          19          20  0.849053021247612     
          20          21   1.37257857275540     
          20          22   1.04897594179051     
          21          22  0.116776281906845     
          22          23   1.02727953472910     
          10          24  0.987982380405172     
          19          24  0.953353611428274     
          23          24   1.30734043126194     
           2          25  0.861210515996174     
           5          26  0.397577916247018     
           6          27  0.953271640675258     
           8          28  0.782870379355752     
          10          30  0.870106216979515     
          12          31  0.800660863251575     
          15          32  0.888116255581800     
          18          34  0.191237213831281     
          19          35  0.861578498817417     
          22          36  0.947030477222388     
          12          38  0.232246274525780     
           5          41  0.405142628843355     
          26          41  0.168840566594988     
           8          42  0.267413586674281     
           9          42  0.405448919979879     
          37          43  0.217757438304343     
          16          45  0.566956862489027     
          17          45  0.200714256458774     
          38          47  0.144134209785360     
          18          48  0.393538138385735     
          19          48  0.120491202688940     
          44          49  0.160217608657302     
          39          53  0.163265432505663     
          51          54  0.124460545277997     
          40          55  0.155160504451980     
          23          56  0.186755809713375     
          41          57  0.115979018383979     
          45          58  0.262968092630768     
          42          59  0.141192142541522     
          23          60  0.241080936434024     
          46          60  0.126303489112707     
          37          61  0.158811165630398     
          39          61  0.119489856239140     
          12          62  0.301357007572733     
          13          62  0.637384554349256     
          14          62  0.326304897133273     
          37          63  0.156538806516296     
          40          63  0.157597279347756     
          38          64  0.106281629460870     
          40          64  0.141111656777405     
          43          65  0.122608520169385     
           8          66  0.164044927274361     
           9          66  0.388942699996154     
          43          66  0.144269832966192     
           5          67  0.399962458749309     
          26          67  0.163096828005863     
          44          68  0.134582807850888     
          15          69  0.558495238829404     
          16          69  0.670293505191651     
          46          70  0.147916451042688     
          47          70  0.102151664379405     
          18          71  0.180393776235608     
          45          71  0.159943812567433     
          20          72  0.230616305162575     
          37          73   2.95445936487607     
          38          74   2.95883671557805     
          39          75   3.12889342842824     
          40          76   3.04098403116411     
           3          77  0.135723158926733     
           5          77  0.123335498555768     
           6          77  0.173678600632098     
          41          77   2.75870402699892     
           8          78  0.105185505565318     
           9          78  0.599890715829420     
          29          78  0.312332571421450     
          42          78   2.33267950921355     
          43          79   3.00801778309931     
          44          80   3.17579095891574     
          16          81  0.746445819054970     
          33          81  0.660245227560404     
          45          81   1.81146480382874     
          46          82   3.10498872717067     
          47          83   3.14274869563860     
          48          84   2.61806448339962     
          49          85   3.47573601945860     
          80          85  0.111854656030327     
          50          86   3.30611930797959     
          51          87   3.53698926868215     
          52          88   3.51889040159804     
          53          89   3.43929119329979     
          54          90   3.52459107437809     
          87          90  0.115682692821084     
          55          91   3.43703229460660     
          56          92   3.18621523260784     
          57          93   3.49713859612203     
          58          94   3.28798985785963     
           8          95  0.107027268130134     
          59          95   3.33128461181595     
          24          96  0.152238518315004     
          60          96   3.14579524804188     
          61          97   2.91444413208117     
          73          97  0.124562635281493     
          75          97  0.100801263429619     
          14          98  0.748739863441164     
          62          98   1.67980865599655     
          63          99   2.83680722640070     
          73          99  0.161172516062202     
          76          99  0.148652936012487     
          64         100   2.96408570408361     
          76         100  0.136864403490650     
          65         101   2.92956169809079     
          77         101  0.121811310377969     
          79         101  0.109395393381569     
           8         102  0.113497288649808     
           9         102  0.277079741624150     
          29         102  0.138092080395805     
          66         102   2.40898779059453     
           2         103  0.125953623109591     
          67         103   2.58257827450536     
          68         104   3.05647841888959     
          15         105  0.108190546440636     
          16         105  0.608735762606036     
          17         105  0.159493559152510     
          69         105   1.74222201546173     
          70         106   2.98701331780193     
          82         106  0.105739783311546     
          83         106  0.104464826781118     
          71         107   2.79110057313637     
          72         108   2.70567512990072     
          82         108  0.129520692013856     
