    0.35992123
   -0.35755820
    0.35992119
   -0.35755821
   -0.35755820
    0.35992121
   -0.35755821
    0.35992120
    0.34169681
   -0.34409130
    0.34169685
   -0.34409130
    0.34169680
   -0.34409130
   -0.35755820
    0.35992121
   -0.35755821
    0.35992120
    0.34071451
   -0.34068303
    0.34071450
   -0.34068302
    0.34071450
   -0.34068303
   -0.35755821
    0.35992119
   -0.35755820
    0.35992122
   -0.34068302
    0.34071450
   -0.34068302
    0.34071451
   -0.34068303
    0.34071451
    0.34071450
   -0.34068303
    0.34071451
   -0.34068303
    0.34071450
   -0.34068302
   -0.34409130
    0.34169679
   -0.34409130
    0.34169683
   -0.34409130
    0.34169684
    0.35992120
   -0.35755821
    0.35992122
   -0.35755820
   -0.34409130
    0.34169684
   -0.34409130
    0.34169680
   -0.34409130
    0.34169683
    0.34169682
   -0.34409130
    0.34169683
   -0.34409130
    0.34169682
   -0.34409130
   -0.34068302
    0.34071450
   -0.34068302
    0.34071451
   -0.34068304
    0.34071451
   -0.35755821
    0.35992118
   -0.35755820
    0.35992124
