           1           2   1.0204779378951450     
           1           3  0.10724582837559357     
           2           3   1.0204780363057739     
           1           4   1.0204778591892474     
           3           4   1.0204779492128790     
           5           6   1.0204780364839232     
           6           7   1.0204778313050957     
           5           8   1.0204780621603875     
           6           8  0.10724582835272928     
           7           8   1.0204778529238969     
           4           9   1.1333899329243522     
           9          10   1.0728832797998045     
           5          11   1.1333899245707482     
          10          11   1.0728831745093770     
          11          12   1.0728831658219506     
          12          13   1.0728832932465395     
           9          14   1.0728832405966418     
          13          14   1.0728832527206094     
          15          16   1.0204779929531176     
          13          17   1.1333899341377414     
          16          17   1.0204778748297889     
          15          18   1.0204780227645571     
          16          18  0.10724582837356973     
          17          18   1.0204778921025162     
           6          20   1.1392388016905568     
          19          20   1.0718510777621568     
          10          21   1.1388121509570510     
          20          21   1.0718510809146884     
           3          22   1.1392388103939997     
          21          22   1.0718510433735358     
          22          23   1.0718510452498058     
          19          24   1.0718510940192898     
          23          24   1.0718510926960305     
          25          26   1.0204779634665533     
          26          27   1.0204779986977857     
          24          28   1.1392387982757999     
          25          28   1.0204778865639899     
          26          28  0.10724582833230784     
          27          28   1.0204779343338857     
          18          29   1.1392388051596909     
          12          30   1.1388121411117929     
          29          30   1.0718510640263910     
           8          31   1.1392388051566815     
          30          31   1.0718510672397954     
          31          32   1.0718510634857499     
          32          33   1.0718510879747734     
          29          34   1.0718510666780754     
          33          34   1.0718510847543159     
           1          36   1.1392387965611033     
          35          36   1.0718511008534406     
          14          37   1.1388120705231799     
          36          37   1.0718510998677924     
          16          38   1.1392388016930661     
          37          38   1.0718510786571627     
          38          39   1.0718510800412113     
          35          40   1.0718510371041234     
          39          40   1.0718510375047612     
          32          41   1.1388121107914000     
           7          42   1.1333899364825031     
          41          42   1.0728833066803380     
          19          43   1.1388120805348403     
          42          43   1.0728832907616008     
          27          44   1.1333899292945016     
          43          44   1.0728831976772573     
          44          45   1.0728832455637229     
          41          46   1.0728831671022969     
          45          46   1.0728831989306959     
          47          48   1.0204778885214369     
          33          49   1.1392387999603946     
          47          49  0.10724582833013258     
          48          49   1.0204778372190744     
          46          50   1.1333899257402085     
          47          50   1.0204780501415651     
          49          50   1.0204780072262627     
          39          51   1.1388121609530257     
          15          52   1.1333899269967544     
          51          52   1.0728832125394865     
          34          53   1.1388121108305818     
          52          53   1.0728831792114339     
          48          54   1.1333899352334460     
          53          54   1.0728832945544802     
          54          55   1.0728832771700709     
          51          56   1.0728832369234840     
          55          56   1.0728832062979057     
          25          57   1.1333899316731384     
          23          58   1.1388121308669121     
          57          58   1.0728832603107088     
           2          59   1.1333899282040563     
          58          59   1.0728832037244678     
          35          60   1.1388121308477999     
          59          60   1.0728832137340572     
          60          61   1.0728832503186849     
          57          62   1.0728832343430943     
          61          62   1.0728832442992549     
          47          63   1.1392388068441026     
          45          64   1.1388121711307961     
          63          64   1.0718510595306887     
          26          65   1.1392388086304661     
          64          65   1.0718510513718953     
          62          66   1.1388121007518315     
          65          66   1.0718510513163353     
          66          67   1.0718511068958629     
          55          68   1.1388120907555375     
          63          68   1.0718510572012088     
          67          68   1.0718511078982766     
          61          69   1.1333899317162266     
          40          70   1.1392388121477515     
          69          70   1.0204779849371746     
          56          71   1.1333899293322169     
          70          71   1.0204780243650002     
          67          72   1.1392387947646441     
          69          72   1.0204778650250785     
          70          72  0.10724582835298817     
          71          72   1.0204779085106677     
