   -0.02663379
   -0.25268096
    0.00466513
   -0.00390548
   -0.04017629
   -0.03964164
    0.01266632
   -0.02780766
   -0.06139821
    0.03586099
   -0.13441084
    0.03300657
   -0.06952852
    0.00923208
   -0.19561540
    0.27840357
   -0.42149126
   -0.02582001
   -0.02871862
   -0.03168671
   -0.04981159
    0.16544774
   -0.21136803
   -0.01145289
   -0.03967206
   -0.03992210
    0.03753997
    0.01604200
    0.03555024
    0.13864003
    0.03559762
    0.03624110
    0.02823995
    0.02728800
    0.03964854
    0.15937067
    0.05384093
    0.05117449
    0.04868514
    0.07197615
    0.16773883
    0.05535165
    0.04987659
    0.06130162
    0.03095680
    0.02738510
    0.07578311
   -0.22797117
    0.09173493
   -0.31448812
    0.08318147
   -0.27039445
    0.24106252
   -0.27264725
    0.15011523
   -0.11026042
    0.37265232
   -0.21266894
    0.02179913
   -0.22138905
    0.20907147
   -0.16311831
    0.31952939
   -0.08230831
    0.09365077
   -0.12596278
    0.08974089
   -0.30881514
    0.22616722
   -0.00008986
    0.32541112
   -0.36016479
    0.33977028
   -0.25371079
    0.31992518
   -0.36861348
    0.30115736
   -0.20503969
    0.19531807
   -0.16739824
    0.08201091
   -0.17417504
    0.11033363
   -0.14469843
    0.31160714
   -0.35410827
    0.18356890
   -0.12525224
    0.21011680
   -0.24910977
    0.16382235
   -0.20667685
    0.22962053
   -0.28589429
    0.03551987
   -0.18529563
    0.08451053
   -0.15571737
    0.21062808
    0.01491252
    0.30504244
   -0.11271099
    0.31998492
   -0.06078598
    0.23090389
   -0.18288639
    0.11208382
   -0.22285909
    0.25252811
   -0.22970171
    0.11407761
   -0.08614986
    0.20196651
   -0.23006416
    0.36911375
   -0.18026692
    0.10587868
   -0.25289344
