           1           2   1.02429015345867     
           2           3   1.00239468870195     
           3           4  0.997344860799245     
           4           5   1.40822861390161     
           5           6   1.44865818300144     
           6           7   1.38465015627525     
           7           8   1.06376251936536     
           8           9   1.21137308853952     
           9          10   1.54718549670305     
          10          11   1.14494751944693     
           8          12   1.50719790130817     
          11          12   1.16974650989525     
          12          13   1.02435900096331     
          13          14  0.961234309613399     
          14          15  0.989218138401499     
          15          16   1.20630856818782     
          15          17  0.184619466820939     
          16          17   1.70128334528144     
          16          18  0.973873795211770     
          18          19   1.42028888590262     
          19          20   1.42920879190306     
          18          21  0.102454560378940     
          20          21   1.43504909083169     
          21          22   1.39591578089926     
          22          23  0.971451967609044     
          10          24   1.06967118455723     
          18          24   1.32413275810287     
          22          24   1.34779009903162     
           5          25  0.106366719564025     
           7          25   1.37906923669376     
           4          26   1.40467403310470     
           6          26  0.107358660891734     
          25          26   1.45551306813407     
           1          27  0.983749843630549     
           1          28  0.979036105985529     
           1          29  0.983530777300715     
           2          30  0.956475673074121     
           3          31  0.965694650748688     
           3          32  0.971763381328633     
           5          33  0.969417081246224     
           6          34  0.969922457452510     
           9          35  0.970478689532492     
          11          36  0.942446780274558     
          13          37  0.969809094796422     
          13          38  0.971245078977071     
          14          39  0.977575030766434     
          14          40  0.971471163617466     
          15          41  0.944595300392885     
          19          42  0.967394644048115     
          20          43  0.969411286217726     
          21          44  0.966890345734082     
          25          45  0.969955129914994     
          26          46  0.969229304599701     
          54          55   1.15785647766762     
          57          58   1.18638299121011     
          55          59  0.293742795136107     
          53          60   1.03442167835110     
          56          61   1.11265551098974     
          60          63   1.23165994497445     
          62          65   1.20617399912866     
          64          66  0.982600648885465     
          54          67   1.27692602018767     
          57          68   1.12751041368217     
          53          69  0.963026704967217     
          66          70  0.973293287604130     
          68          71   1.06591803059465     
          52          73   1.20108969496668     
          60          74  0.929064369088741     
          69          74  0.991524960585783     
          73          76  0.980326296529894     
          50          77   1.01772009681020     
          72          77   1.20150331425620     
          74          79   1.16921037553512     
          61          80   1.03873420692322     
          67          81  0.978263428068443     
          80          81   1.25974907799995     
          62          82  0.998627502227382     
          69          82   1.15137832094131     
          65          83   1.00813556156009     
          51          84   1.24043741649565     
          58          85   1.08601266675542     
          62          85   1.12281279955530     
          53          86   1.17595964299092     
          71          86  0.988441215445300     
          85          86   1.10479537337014     
          51          87  0.989774469876427     
          84          87   1.09287587778468     
          63          88   1.07462958500222     
          70          88   1.01366959550607     
          76          89   1.21999340106602     
          78          89  0.997762671905838     
          81          89  0.958914335012253     
          73          90   1.04175895183465     
          84          90   1.03528669133725     
          67          91  0.932264842177943     
          87          92   1.17897029126107     
          47          93  0.969716660388523     
          48          93   1.14252637671958     
          72          93  0.925210558200552     
          49          94   1.27618169205112     
          83          94  0.963253626112082     
          55          95  0.640323874155991     
          59          95   1.28457767928504     
          83          95   1.00878169206874     
          57          96  0.961337053193727     
          68          96  0.792415512043486     
          55          97  0.932321454300436     
          65          97  0.926416655842634     
          58          98  0.966954346724251     
          91          98   1.07887473367151     
          97          98   1.26588820865700     
          47          99   1.00025375804484     
          92          99   1.07221392280891     
          56         100   1.04332116393056     
          92         100  0.958916994614082     
          66         101   1.13709516712171     
          75         102   1.03501647465777     
          88         102  0.975598913188019     
          76         103  0.993081915065565     
          90         103  0.985361179240685     
          78         104  0.989832775979455     
          91         104   1.19105058865322     
          96         104   1.04496127206821     
          48         105   1.00107743954901     
          49         105  0.958346303859634     
          72         105   1.06148086798980     
          93         105  0.126930057894054     
          48         106   1.00677718149344     
          79         106   1.12277266396121     
         101         106   1.16285783039693     
          50         107   1.15012342588369     
          61         107   1.00531625511211     
          63         108   1.00001809538983     
          71         108   1.24801398779294     
         102         108  0.984444151706576     
          50         109   1.15184744029560     
          59         109  0.626584583702341     
          94         109   1.10548222230073     
          95         109  0.186204999830177     
          52         110  0.888020886332494     
          75         110   1.20923847760889     
          54         111  0.973091754764413     
          59         111   1.00393214488687     
         107         111   1.00241029318242     
         109         111  0.119790610479251     
          56         112  0.944719076885063     
          80         112  0.983594308960951     
         103         112   1.26456811819231     
          51         113  0.995623660839516     
          64         113   1.14051559153026     
          70         114  0.937944930355563     
          75         114   1.12045312130338     
         113         114   1.11825846106880     
          52         115  0.967249143643179     
          78         115   1.26058430778812     
         110         115   1.03704303110291     
          47         116   1.28258124379393     
          64         116  0.990552645357999     
         101         116  0.992899367159146     
          49         117  0.977849868064840     
          79         117  0.923259142704859     
          82         117   1.17154676308403     
          77         118   1.09864748682418     
          99         118   1.13077542404976     
         100         118  0.950435751070825     
