   -0.43828450
    0.27730182
   -0.01772991
   -0.18250430
    0.01204489
    0.00610277
   -0.05798661
    0.17023756
   -0.21191859
   -0.05109702
   -0.03405587
    0.04839045
   -0.10453516
    0.00502062
    0.07379546
   -0.32369576
   -0.03481037
    0.14847482
   -0.16619186
    0.13891834
   -0.16413378
    0.14262516
   -0.17704647
    0.04092771
   -0.12667029
    0.05321613
    0.15979907
   -0.20927005
   -0.04770608
   -0.03553848
   -0.03762685
    0.03131993
   -0.10952166
    0.13948816
   -0.18925437
    0.30631641
    0.04904166
    0.06294683
    0.02019306
    0.06216475
    0.06476711
    0.06868206
    0.06747421
    0.04143471
    0.02451029
    0.04688766
    0.06301146
    0.19918426
    0.07257877
    0.05842391
    0.06420092
    0.07488375
   -0.22872466
    0.09146182
   -0.31487242
    0.08381614
   -0.26846293
    0.24066080
   -0.27294983
    0.14998426
   -0.11047025
    0.37239266
   -0.21295925
    0.02131367
   -0.22176179
    0.20881334
   -0.16339972
    0.31873230
   -0.08247820
    0.09348290
   -0.12585807
    0.08977560
   -0.30879012
    0.22579587
    0.00511280
    0.32531752
   -0.36075408
    0.33974920
   -0.25445746
    0.32055254
   -0.36848637
    0.30120283
   -0.20496754
    0.19478438
   -0.16754702
    0.08191824
   -0.17444797
    0.11013613
   -0.14410490
    0.31164389
   -0.35450252
    0.18302609
   -0.12425325
    0.20977476
   -0.24864242
    0.16369890
   -0.20686548
    0.22899882
   -0.28621314
    0.03505783
   -0.18522040
    0.08423300
   -0.15590208
    0.21031770
    0.01452348
    0.30360558
   -0.11207352
    0.31975058
   -0.06069977
    0.23072432
   -0.18335541
    0.11195265
   -0.22355638
    0.25248008
   -0.22756142
    0.11390531
   -0.08615209
    0.20210382
   -0.22501867
    0.36845277
   -0.18091470
    0.10552885
   -0.25314434
