           1           2  0.981153407021404     
           2           3  0.940532572746403     
           3           4  0.999414968003305     
           4           5  0.992618476468038     
           5           6   1.00499819703149     
           6           7   1.40735052831375     
           7           8   1.39527119600862     
           8           9  0.971145216158577     
           6          10  0.105113983442755     
           8          10   1.38859391164316     
           7          11  0.108114184803588     
          10          11   1.44129083914010     
           6          12   1.39187345172460     
          11          12   1.41612064898213     
          12          13  0.987676687972566     
           4          14  0.996222150703412     
          14          15   1.00081778361164     
           2          16  0.965869905662057     
          15          16  0.973652436040693     
           2          17  0.973120505733281     
          17          18   1.34612913142078     
          18          19  0.999848921647912     
          18          20   1.34066897333902     
          20          21  0.999489155558347     
          20          22   1.34856240758764     
          22          23  0.989149912078827     
          22          24   1.31671480571736     
          24          25   1.12547591527792     
          25          26   1.09473590995842     
          26          27   1.32051359321608     
          27          28  0.969839940012799     
          27          29   1.39923653926123     
          29          30   1.43263198652608     
          30          31   1.42900394946295     
          26          32   1.34189448891974     
          31          32   1.42601269887522     
          32          33  0.982227630043900     
          17          34   1.38260890787781     
          24          34   1.30326231975648     
          34          35  0.981427979430979     
           1          36  0.880872024307723     
           3          37  0.969183230688140     
           3          38  0.969541102111388     
           5          39  0.959632744237191     
           5          40  0.957884771311276     
           7          41  0.962971567004650     
          10          42  0.964331207924462     
          11          43  0.967291176180903     
          14          44  0.970586969825463     
          14          45  0.963488534511264     
          15          46  0.968529616638571     
          15          47  0.967945728248212     
          25          48  0.917868146911789     
          29          49  0.964893905404272     
          30          50  0.966724870439071     
          31          51  0.967435636307101     
          59          60   1.15796328219336     
          62          63   1.18610168918854     
          60          64  0.293645406708653     
          58          65   1.03485797518866     
          61          66   1.11271868914020     
          65          68   1.23033541136477     
          67          70   1.20620481293488     
          69          71  0.982589482613836     
          59          72   1.27656534335858     
          62          73   1.12784982740146     
          58          74  0.962892960643631     
          71          75  0.973366695977206     
          73          76   1.06559538775906     
          57          78   1.20264653277311     
          65          79  0.928884816002045     
          74          79  0.991536126194796     
          78          81  0.979726555996473     
          55          82   1.01766417737006     
          77          82   1.20114060087118     
          79          84   1.16893441401202     
          66          85   1.03887046696310     
          72          86  0.978244452271451     
          85          86   1.25955076838619     
          67          87  0.998610000642432     
          74          87   1.15140558578463     
          70          88   1.00818488312150     
          56          89   1.24018165797399     
          63          90   1.08591449794474     
          67          90   1.12265412615339     
          58          91   1.17576517099043     
          76          91  0.988157888462924     
          90          91   1.10499988681744     
          56          92  0.989888345921654     
          89          92   1.09362965340514     
          68          93   1.07693317478651     
          75          93   1.01391476025131     
          81          94   1.22040892943097     
          83          94  0.998008025434824     
          86          94  0.959078941362342     
          78          95   1.04127975965166     
          89          95   1.03551477255054     
          72          96  0.932311459246632     
          92          97   1.17815705379918     
          52          98  0.970009352573847     
          53          98   1.14218123247702     
          77          98  0.925035726350643     
          54          99   1.27586222255887     
          88          99  0.963348527491497     
          60         100  0.640380723326579     
          64         100   1.28490529492486     
          88         100   1.00881179504603     
          62         101  0.961449181126771     
          73         101  0.792443537349512     
          60         102  0.932326017100042     
          70         102  0.926460965254158     
          63         103  0.966969352300684     
          96         103   1.07854575664139     
         102         103   1.26607749016280     
          52         104   1.00018949248098     
          97         104   1.07268531584878     
          61         105   1.04327463458363     
          97         105  0.958788145463517     
          71         106   1.13899039476280     
          80         107   1.03383465107025     
          93         107  0.975709011702474     
          81         108  0.993318834357790     
          95         108  0.986057785742917     
          83         109  0.989912482597892     
          96         109   1.19160289122419     
         101         109   1.04497206464920     
          53         110   1.00104196058867     
          54         110  0.958434352092624     
          77         110   1.06165366250980     
          98         110  0.126601169521989     
          53         111   1.00663633337450     
          84         111   1.12292976581620     
         106         111   1.16220622683607     
          55         112   1.15000459313961     
          66         112   1.00535617719094     
          68         113  0.999439297804341     
          76         113   1.24854914663482     
         107         113  0.984689817914222     
          55         114   1.15181835588148     
          64         114  0.626716972532769     
          99         114   1.10549075817332     
         100         114  0.186270532778020     
          57         115  0.888417619937757     
          80         115   1.20907779413351     
          59         116  0.973135265905885     
          64         116   1.00411243062732     
         112         116   1.00239391332386     
         114         116  0.119729930106292     
          61         117  0.944761529678450     
          85         117  0.983657983209679     
         108         117   1.26374797470165     
          56         118  0.995598382522311     
          69         118   1.13752080750920     
          75         119  0.938759023107349     
          80         119   1.12150075950103     
         118         119   1.12153981588168     
          57         120  0.967774306606681     
          83         120   1.25930822957390     
         115         120   1.03849523594035     
          52         121   1.28297258109397     
          69         121  0.990994851502442     
         106         121  0.992079700149602     
          54         122  0.977977442824001     
          84         122  0.923441588057517     
          87         122   1.17129964846965     
          82         123   1.09898296125351     
         104         123   1.13029826657004     
         105         123  0.950407835156760     
