   -0.13137951
    0.03475900
   -0.69241813
    0.06906326
    0.42253757
   -0.53216663
   -0.22436585
   -0.23483770
   -0.42395851
    0.15321222
   -0.26264807
    0.00412941
   -0.18974486
    0.33814522
   -0.16503487
   -0.21485176
    0.00557211
    0.00846223
   -0.26743241
    0.00087890
   -0.00644508
   -0.23146196
   -0.42144548
   -0.50467872
   -0.03212238
   -0.27127761
    0.18732142
   -0.10304552
   -0.12894975
   -0.11027974
   -0.17899545
   -0.00584678
    0.00377638
    0.03783487
    0.25659790
   -0.00656545
   -0.04276873
    0.30201929
    0.19568540
    0.01188502
   -0.77738138
    0.00623518
    0.00869776
    0.02551789
    0.03876672
    0.13819159
    0.03190121
    0.04420222
    0.06191697
    0.01636110
    0.53074175
    0.64591965
    0.00305724
    0.46878185
    0.04430940
   -0.00171606
    0.01532394
    0.08694645
    0.02062532
    0.42411912
    0.13124746
    0.36381658
    0.21288915
    0.13585152
    0.33813912
    0.17035618
    0.17463850
    0.17166518
    0.25464515
    0.18055266
    0.26142139
   -0.22159845
    0.09622120
    0.04416170
    0.09599264
    0.09695070
    0.11240903
    0.09902886
    0.07050689
    0.09512750
    0.12617408
    0.11964551
    0.09160100
    0.06592453
    0.32642374
    0.31859571
    0.30172792
    0.27922148
    0.37722415
    0.27070515
    0.25461023
    0.34170408
    0.31926475
    0.17105922
   -0.20948982
   -0.08551341
   -0.05555119
   -0.35104902
   -0.10088379
   -0.03863489
   -0.42213763
   -0.13959971
   -0.14439396
   -0.23729737
   -0.29139701
   -0.27019055
    0.62092917
    0.21162744
   -0.19997593
   -0.20397583
   -0.11589844
   -0.09930173
   -0.14516341
   -0.11680850
   -0.11537084
   -0.09515480
   -0.18066471
   -0.12160616
   -0.14385563
   -0.13581054
   -0.32489717
   -0.41734066
   -0.32469270
   -0.35723852
   -0.34262851
   -0.35826358
    1.11323153
   -0.37662734
   -0.44491537
   -0.14352829
    0.22475319
    0.20973399
