           1           2  0.999159927564294     
           2           3   1.78175422567407     
           2           4   1.06533479415081     
           4           5   1.47865056958990     
           5           6   1.03398987364575     
           5           7   1.21376224873432     
           7           8   1.33375260167301     
           8           9   1.47503503115485     
           9          10   1.31156603174214     
          10          11   1.13823433470504     
          11          12   1.06402289755287     
          12          13   1.34579482397981     
          13          14   1.47732260901174     
          14          15   1.34408153136143     
          15          16   1.09747744705754     
          16          17  0.978115848478036     
          17          18  0.992044779411139     
          18          19   1.01485454156161     
          19          20   1.01433712497163     
          16          21  0.992551915284290     
          20          21  0.991738232315692     
          13          22  0.108780032253938     
          15          22   1.36628324857557     
          12          23   1.38638116634750     
          22          23   1.41717230768550     
          10          24   1.35969966401943     
           7          25   1.22330495816486     
          24          25   1.32401148755743     
           4          26   1.13681227785041     
          25          26   1.19933693935492     
          26          27  0.974502867837038     
          27          28  0.984267743644826     
          28          29   1.00649182273822     
          29          30   1.00713655786759     
          27          31  0.977801914068140     
          30          31   1.00463798689078     
           1          32  0.978320351675675     
           1          33  0.952816936071538     
           1          34  0.976860090712059     
           6          35  0.982469004346255     
           6          36  0.966055034168041     
           6          37  0.973658913290072     
           8          38  0.962089684764510     
          11          39  0.920446316855079     
          13          40  0.968148659720804     
          14          41  0.966082150524480     
          17          42  0.970298070471212     
          17          43  0.970025663790612     
          18          44  0.973889864238221     
          18          45  0.974086297128576     
          19          46  0.957351371408744     
          20          47  0.974023005249952     
          20          48  0.974034006473827     
          21          49  0.972492893799929     
          21          50  0.967807173699482     
          22          51  0.962046405325860     
          27          52  0.961153138803744     
          28          53  0.975077361835204     
          28          54  0.979785102258027     
          29          55  0.979002642624913     
          29          56  0.979535555398480     
          30          57  0.980562914327370     
          30          58  0.978237655097594     
          31          59  0.976683109766983     
          31          60  0.982188494729399     
          68          69   1.15810277179453     
          71          72   1.18658712891181     
          69          73  0.293717553049370     
          67          74   1.03328349807882     
          70          75   1.11282434502590     
          74          77   1.23291081241829     
          76          79   1.20576843795922     
          78          80  0.982440165909450     
          68          81   1.27690887799769     
          71          82   1.12673249048268     
          67          83  0.963267705633552     
          80          84  0.973202339840431     
          82          85   1.06703977839681     
          66          87   1.20039553908527     
          74          88  0.928856642217578     
          83          88  0.991184288530084     
          87          90  0.980568834345625     
          64          91   1.01787065910075     
          86          91   1.20122980987131     
          88          93   1.16866275270298     
          75          94   1.03872417487380     
          81          95  0.978267039077116     
          94          95   1.25991257294518     
          76          96  0.998615747572374     
          83          96   1.15194715489577     
          79          97   1.00806885667602     
          65          98   1.24079081683207     
          72          99   1.08642711581642     
          76          99   1.12321651202875     
          67         100   1.17657012505624     
          85         100  0.988904224485186     
          99         100   1.10393608205357     
          65         101  0.989779310591275     
          98         101   1.09276094298611     
          77         102   1.07210231825549     
          84         102   1.01309507218619     
          90         103   1.22022478541135     
          92         103  0.997446845481313     
          95         103  0.958877096642968     
          87         104   1.04212582667431     
          98         104   1.03544025565667     
          81         105  0.932163223801347     
         101         106   1.17911514879159     
          61         107  0.969613900469832     
          62         107   1.14262784625399     
          86         107  0.925577215878550     
          63         108   1.27646786991492     
          97         108  0.963303806168880     
          69         109  0.640123921849653     
          73         109   1.28430651673741     
          97         109   1.00871219099673     
          71         110  0.961601670114163     
          82         110  0.792220542232362     
          69         111  0.932323302670986     
          79         111  0.926424891483277     
          72         112  0.966931009772767     
         105         112   1.07897130314491     
         111         112   1.26593393765320     
          61         113   1.00024042731179     
         106         113   1.07246136554804     
          70         114   1.04338956941261     
         106         114  0.959012275515692     
          80         115   1.13595154932183     
          89         116   1.03330515902967     
         102         116  0.975198860642735     
          90         117  0.993001458270028     
         104         117  0.985234916559844     
          92         118  0.989842936186975     
         105         118   1.19086333325712     
         110         118   1.04511766881542     
          62         119   1.00069978496820     
          63         119  0.958507105871805     
          86         119   1.06164641878036     
         107         119  0.127004992095869     
          62         120   1.00668301394924     
          93         120   1.12314790229941     
         115         120   1.16305716553450     
          64         121   1.14989332101002     
          75         121   1.00535021584583     
          77         122   1.00118085784745     
          85         122   1.24626203811915     
         116         122  0.983957918765991     
          64         123   1.15211345834903     
          73         123  0.626498506902878     
         108         123   1.10536887337926     
         109         123  0.186288426947788     
          66         124  0.888022555865170     
          89         124   1.21061242393612     
          68         125  0.973018876495323     
          73         125   1.00374134988747     
         121         125   1.00241216658459     
         123         125  0.119745507964080     
          70         126  0.944745343982252     
          94         126  0.983622088910462     
         117         126   1.26480083471020     
          65         127  0.995444405924631     
          78         127   1.14155981919800     
          84         128  0.937859251678156     
          89         128   1.12049887182283     
         127         128   1.11680548995763     
          66         129  0.967632040068803     
          92         129   1.26124131901595     
         124         129   1.03595404805150     
          61         130   1.28186102053663     
          78         130  0.990347399204415     
         115         130  0.993721706577835     
          63         131  0.977947077535076     
          93         131  0.923049301498702     
          96         131   1.17137643709004     
          91         132   1.09873320026841     
         113         132   1.13089027452792     
         114         132  0.950462730751449     
