   -0.30723128
    0.22896574
   -0.61510526
   -0.17099038
   -0.20582891
   -0.04991777
    0.30576319
   -0.33643641
    0.16982956
   -0.13794437
   -0.26970550
   -0.16365797
   -0.10168546
   -0.21373264
   -0.14153103
   -0.19441644
    0.03926019
    0.17812486
   -0.11214037
   -0.40230451
    0.00474613
   -0.06748909
   -0.15001024
   -0.11742997
    0.24845284
   -0.07716197
    0.15889152
    0.15780303
   -0.04055971
   -0.07863012
    0.34371861
    0.63840006
    0.12695834
    0.15708735
    0.34864741
    0.09963721
    0.11957003
    0.04123767
    0.10489701
    0.11148100
    0.05859128
    0.18735635
   -0.03358855
   -0.03097174
   -0.02227610
   -0.06976463
    0.60116474
    0.02136915
    0.05687194
    0.06937445
    0.03705526
    0.09699508
    0.09890012
    0.21395998
    0.11325987
    0.04163171
    0.11144690
    0.10692532
    0.31392847
   -0.03069484
    0.06848650
    0.03966336
    0.03940760
    0.08935687
    0.07525145
    0.15091423
    0.12114523
    0.06090043
    0.08019814
    0.13346193
    0.11846136
    0.07998262
    0.09541724
    0.26456043
    0.28996204
    0.29178084
    0.26779181
   -0.16422395
    0.28285340
    0.32837293
    0.06238845
    0.26147066
    0.01612064
    0.29939700
    0.22706934
   -0.07231925
   -0.07997382
   -0.01751404
   -0.02138341
   -0.20775442
   -0.10312283
    0.00708758
   -0.00587360
   -0.02491245
   -0.43717430
    0.04567511
   -0.01326812
   -0.16760868
   -0.24985293
   -0.09309561
   -0.07820097
   -0.24123305
   -0.15351176
   -0.12975616
   -0.09048530
   -0.28403301
   -0.16702157
   -0.15651942
   -0.13107468
   -0.33984197
   -0.34975019
   -0.33825663
   -0.34584224
    0.30476774
   -0.37627071
   -0.43925018
   -0.07600322
   -0.38859121
    0.03067127
   -0.40623799
    0.44624434
