           1           2   1.22977805183212     
           1           3  0.198406815389300     
           2           3   1.69389797389884     
           2           4  0.982160923706752     
           4           5   1.39765016954421     
           5           6   1.44247360342972     
           4           7  0.104118726903376     
           6           7   1.44352896049225     
           5           8  0.105899200561574     
           7           8   1.40227452833444     
           4           9   1.40132516172003     
           6           9  0.106050525663455     
           8           9   1.41953346974158     
           8          10   1.00367614445054     
          10          11  0.980038860017648     
          11          12   1.01090227771905     
          12          13   1.00445475448716     
          13          14  0.997725241329628     
          14          15  0.999881582684407     
          15          16   1.00414945106899     
          16          17   1.28599826363385     
          17          18   1.57401784988942     
          18          19   1.26200870828225     
          19          20   1.28874175791079     
          20          21   1.55182217864785     
          21          22   1.30683252534073     
          20          23  0.105624744272156     
          22          23   1.55358363456981     
          19          24   1.23720494593388     
          23          24   1.28675198484273     
          16          25   1.53494525498166     
          18          25  0.112286965715943     
          24          25   1.27618622130269     
          10          26  0.972758203245838     
          14          26   1.00668106560440     
           1          27  0.943257169516269     
           1          28  0.947442297817004     
           5          29  0.967435463229133     
           6          30  0.970524492756271     
           7          31  0.964345082123690     
           9          32  0.964231864086971     
          10          33  0.968219330877868     
          11          34  0.978315902274506     
          11          35  0.976737443451395     
          12          36  0.973911137925803     
          12          37  0.976592363633539     
          13          38  0.966844399563408     
          13          39  0.973214273570680     
          15          40  0.956732615069936     
          15          41  0.959360168797635     
          17          42  0.966399301984240     
          18          43  0.965991751367090     
          21          44  0.963305396918653     
          22          45  0.970563416041865     
          23          46  0.967510778223142     
          25          47  0.965207502028104     
          26          48  0.962144914710098     
          26          49  0.973141498727237     
          57          58   1.15859351936618     
          60          61   1.18675507876950     
          58          62  0.293629640260986     
          56          63   1.03378937711527     
          59          64   1.11510020149876     
          63          66   1.23308535980726     
          65          68   1.20577288235418     
          67          69  0.982166449144065     
          57          70   1.27614329736861     
          60          71   1.12691377882004     
          56          72  0.963175388836349     
          69          73  0.973047932920841     
          71          74   1.06591401811617     
          55          76   1.20010275626243     
          63          77  0.929075367514582     
          72          77  0.992174593708179     
          76          79  0.978346794571232     
          53          80   1.01726400999357     
          75          80   1.19997803889278     
          77          82   1.16909504714388     
          64          83   1.03749714503621     
          70          84  0.978310870621103     
          83          84   1.26060094774533     
          65          85  0.998497410775282     
          72          85   1.15116027193436     
          68          86   1.00827811028971     
          54          87   1.23989830142067     
          61          88   1.08575163779855     
          65          88   1.12329303372613     
          56          89   1.17606219110818     
          74          89  0.988670417857131     
          88          89   1.10443667104089     
          54          90  0.989233338471186     
          87          90   1.09550660566647     
          66          91   1.07210505728444     
          73          91   1.01272047381608     
          79          92   1.22206791217922     
          81          92  0.996452920261705     
          84          92  0.958900233396086     
          76          93   1.04423682854254     
          87          93   1.03642078335092     
          70          94  0.932275438240635     
          90          95   1.17595363712518     
          50          96  0.969938520788548     
          51          96   1.14272192850486     
          75          96  0.924893285680508     
          52          97   1.27649240859360     
          86          97  0.963473591034271     
          58          98  0.640108837932389     
          62          98   1.28501556482225     
          86          98   1.00888144356693     
          60          99  0.961482045870194     
          71          99  0.792606025418659     
          58         100  0.932193196421327     
          68         100  0.926433021340174     
          61         101  0.966754605623642     
          94         101   1.07830964684168     
         100         101   1.26615786156200     
          50         102   1.00002837115493     
          95         102   1.07565965754054     
          59         103   1.04279855461880     
          95         103  0.958540035107500     
          69         104   1.13547689901869     
          78         105   1.03162679808247     
          91         105  0.975105365040410     
          79         106  0.992488997270375     
          93         106  0.987721252972150     
          81         107  0.990127125941047     
          94         107   1.19169689494098     
          99         107   1.04450429604459     
          51         108   1.00051553986323     
          52         108  0.958123759529766     
          75         108   1.06266379059745     
          96         108  0.127005903581537     
          51         109   1.00678552787506     
          82         109   1.12319088201773     
         104         109   1.16283383669553     
          53         110   1.14993457799969     
          64         110   1.00533602976152     
          66         111   1.00072235461938     
          74         111   1.24742776285474     
         105         111  0.983966278054347     
          53         112   1.15258360725297     
          62         112  0.626521309241452     
          97         112   1.10487487535364     
          98         112  0.186472031896937     
          55         113  0.888283892307066     
          78         113   1.21128358927919     
          57         114  0.973015384310755     
          62         114   1.00437054078466     
         110         114   1.00220598834108     
         112         114  0.119686667752659     
          59         115  0.945286367594484     
          83         115  0.983769716594973     
         106         115   1.26312810297349     
          54         116  0.994960560055949     
          67         116   1.13923063350441     
          73         117  0.938199893577696     
          78         117   1.12114898101133     
         116         117   1.11810235049704     
          55         118  0.969253101422219     
          81         118   1.26015983823234     
         113         118   1.03594735582954     
          50         119   1.28199733657854     
          67         119  0.990655268739154     
         104         119  0.994624743810385     
          52         120  0.977861930398687     
          82         120  0.923062335673466     
          85         120   1.17170624953124     
          80         121   1.10065253775672     
         102         121   1.12821199614383     
         103         121  0.950566635995371     
