   -0.26581558
    0.29430186
   -0.42653931
   -0.04280626
    0.08336471
   -0.09234458
    0.04182253
   -0.15026234
    0.05793939
   -0.05081440
   -0.04074525
    0.04889980
   -0.11322660
   -0.05494098
    0.14750642
   -0.21975597
    0.14883290
   -0.20669915
   -0.07769817
    0.13501243
   -0.28782141
    0.07149571
    0.10347657
   -0.44587032
    0.06338320
   -0.44488687
    0.21112097
    0.20464222
    0.19510090
    0.06006451
    0.06008689
    0.07218979
    0.08789704
    0.03675395
    0.05314567
    0.05879636
    0.31523193
    0.04170783
    0.02988773
    0.29785496
    0.07653700
   -0.22740037
    0.09208661
   -0.31417956
    0.08303778
   -0.27101822
    0.24093385
   -0.27245929
    0.15007396
   -0.11007474
    0.37259137
   -0.21262968
    0.02210820
   -0.22031432
    0.20911563
   -0.16300489
    0.32020064
   -0.08181615
    0.09372926
   -0.12526412
    0.08958980
   -0.30984906
    0.22664976
   -0.00166752
    0.32499738
   -0.35974320
    0.33960048
   -0.25216869
    0.31915843
   -0.36855691
    0.30107428
   -0.20493626
    0.19608396
   -0.16727190
    0.08189584
   -0.17402017
    0.11046946
   -0.14479981
    0.31161490
   -0.35426196
    0.18401222
   -0.12625578
    0.21008211
   -0.24920121
    0.16391011
   -0.20630112
    0.23015885
   -0.28574373
    0.03567143
   -0.18565771
    0.08464861
   -0.15574772
    0.21090626
    0.01515142
    0.30651313
   -0.11606453
    0.31997001
   -0.06090410
    0.23112275
   -0.18254750
    0.11213706
   -0.22442369
    0.25260754
   -0.23038577
    0.11410150
   -0.08606871
    0.20167016
   -0.23214029
    0.36884085
   -0.18004046
    0.10625078
   -0.25267329
