           1           2   1.25634568624188     
           1           3  0.202872577310711     
           2           3   1.68013711621734     
           2           4  0.982151570362546     
           4           5   1.36710789121462     
           5           6   1.02248114588368     
           5           7   1.33436293474516     
           7           8   1.07781608146522     
           8           9   1.09823675761993     
           9          10   1.36765975442358     
          10          11   1.44002846027464     
          11          12   1.41478609411731     
          12          13  0.984399380271595     
          12          14   1.40403971462091     
           9          15   1.30767283518374     
          14          15   1.41547085626272     
          15          16  0.960194148102529     
           7          17   1.33131855650855     
          17          18  0.970702808519007     
          17          19   1.39954531458980     
           4          20   1.34302250265482     
          19          20   1.38757343596711     
          20          21   1.01989032135288     
          21          22  0.943672861619476     
          22          23  0.991386639580814     
          23          24  0.991441058025507     
          23          25  0.987387553878757     
          25          26  0.991281988897919     
           1          27  0.925001532513195     
           1          28  0.937030297508463     
           8          29  0.925424001654414     
          10          30  0.964689068414620     
          11          31  0.968836405953031     
          14          32  0.964717800034478     
          19          33  0.960111300084197     
          22          34  0.969920894807456     
          22          35  0.968004474965307     
          23          36  0.959036276353638     
          24          37  0.880659612035105     
          25          38  0.972012627069389     
          25          39  0.972347749200272     
          26          40  0.898062322638726     
          48          49   1.15773547556754     
          51          52   1.18697549404704     
          49          53  0.293878528031886     
          47          54   1.03440649855744     
          50          55   1.11282639995170     
          54          57   1.23319231374612     
          56          59   1.20590929508379     
          58          60  0.982696271385835     
          48          61   1.27724185058160     
          51          62   1.12675058179781     
          47          63  0.963073440423887     
          60          64  0.973607755986667     
          62          65   1.06628036961225     
          46          67   1.20008664751830     
          54          68  0.929261299124874     
          63          68  0.992003729067458     
          67          70  0.980597856990590     
          44          71   1.01759335169243     
          66          71   1.20175519071987     
          68          73   1.16908098186627     
          55          74   1.03849605597191     
          61          75  0.978309867819016     
          74          75   1.26003730640089     
          56          76  0.998606364808816     
          63          76   1.15133838503290     
          59          77   1.00810144840816     
          45          78   1.24054171590246     
          52          79   1.08591338437631     
          56          79   1.12328820585563     
          47          80   1.17573264883954     
          65          80  0.989007913606943     
          79          80   1.10428390347002     
          45          81  0.989601293528359     
          78          81   1.09262015959586     
          57          82   1.07328993625605     
          64          82   1.01337769995875     
          70          83   1.22006354939218     
          72          83  0.997402724193383     
          75          83  0.958838114914871     
          67          84   1.04235020695442     
          78          84   1.03506147551393     
          61          85  0.932188290702047     
          81          86   1.17952824993790     
          41          87  0.969597193793270     
          42          87   1.14269504393266     
          66          87  0.925155063147872     
          43          88   1.27627370142879     
          77          88  0.963197413256324     
          49          89  0.640414356030302     
          53          89   1.28440272592186     
          77          89   1.00881823594850     
          51          90  0.961348249729905     
          62          90  0.792037648174804     
          49          91  0.932321475148764     
          59          91  0.926480910939117     
          52          92  0.966827880892439     
          85          92   1.07919752758997     
          91          92   1.26549755714126     
          41          93   1.00022326356993     
          86          93   1.07200512685167     
          50          94   1.04334982194269     
          86          94  0.958977899254943     
          60          95   1.13641722908964     
          69          96   1.03358819478850     
          82          96  0.975300815767500     
          70          97  0.992779728809416     
          84          97  0.985239870396504     
          72          98  0.989776133725831     
          85          98   1.19046866136065     
          90          98   1.04507798857189     
          42          99   1.00122289233967     
          43          99  0.958106728789689     
          66          99   1.06150588645041     
          87          99  0.127131671750500     
          42         100   1.00690233526523     
          73         100   1.12299876423983     
          95         100   1.16303271323195     
          44         101   1.15023270427906     
          55         101   1.00531095034441     
          57         102  0.999850970585107     
          65         102   1.24721900564917     
          96         102  0.983914195075393     
          44         103   1.15200571368974     
          53         103  0.626349991539950     
          88         103   1.10547451445170     
          89         103  0.186119274944186     
          46         104  0.887928305529256     
          69         104   1.20998368194527     
          48         105  0.973056586944896     
          53         105   1.00383614249628     
         101         105   1.00241135901299     
         103         105  0.119832137819241     
          50         106  0.944676163107622     
          74         106  0.983608368143674     
          97         106   1.26499101447189     
          45         107  0.995619285525305     
          58         107   1.14234695656970     
          64         108  0.937758598938898     
          69         108   1.12114122437723     
         107         108   1.11643045020219     
          46         109  0.967355515162031     
          72         109   1.26136893652064     
         104         109   1.03615392368600     
          41         110   1.28242455743407     
          58         110  0.990463590647097     
          95         110  0.993151287286532     
          43         111  0.977678465155367     
          73         111  0.923033988112903     
          76         111   1.17149095849251     
          71         112   1.09861102004226     
          93         112   1.13096393143589     
          94         112  0.950443831293458     
