    0.09406598
    0.09406654
    0.11346145
    0.11346145
    0.12460709
    0.12460709
    0.10121673
    0.12434874
    0.12460714
    0.12460714
    0.10121745
    0.12434831
    0.10368742
    0.10368733
    0.11753699
    0.11753699
    0.08644255
    0.11486254
    0.08644255
    0.11486254
    0.09239227
    0.09239225
    0.09239227
    0.09239225
    0.30140336
    0.30140370
    0.30140336
    0.30140370
    0.29108949
    0.29108949
    0.31016634
    0.31016634
    0.29108984
    0.29108984
    0.31016585
    0.31016585
   -0.04620461
   -0.04620406
   -0.02157620
   -0.02157620
   -0.03294999
   -0.03294999
   -0.05434122
   -0.03052733
   -0.03294996
   -0.03294996
   -0.05434054
   -0.03052782
   -0.17045399
   -0.17045401
   -0.11840244
   -0.11840244
   -0.14120292
   -0.11574159
   -0.14120292
   -0.11574159
   -0.15967048
   -0.15967052
   -0.15967048
   -0.15967052
   -0.34182468
   -0.34182431
   -0.34182468
   -0.34182431
   -0.32784066
   -0.32784066
   -0.33595970
   -0.33595970
   -0.32784005
   -0.32784005
   -0.33595982
   -0.33595982
