           1           2   1.62397359359914     
           2           3  0.973039498459407     
           3           4   1.39197639731990     
           4           5   1.42540579120674     
           5           6   1.00028008975544     
           6           7   1.00168651566638     
           7           8   1.63662559823559     
           8           9   1.16096788893782     
           9          10   1.14053313606260     
           9          11  0.160810824843396     
          10          11   1.65722950004733     
          10          12   1.05351014205642     
          12          13   1.36417939501726     
          13          14   1.48084103940869     
          14          15   1.38319133499568     
          13          16  0.107701081766683     
          15          16   1.49003927890213     
           7          17   1.13095299021232     
          12          17   1.31113091190697     
          16          17   1.34170682936109     
           3          18  0.104178109218660     
           5          18   1.39513375045503     
           4          19  0.107522727130308     
          18          19   1.45209444268887     
           3          20   1.36698793242741     
          19          20   1.39001917723268     
          20          21  0.957076739617296     
           1          22  0.198392232856355     
           2          22   1.26785017202105     
          22          23  0.983528006984369     
          23          24   1.00500929677911     
          24          25  0.985466647609595     
          25          26   1.22734237057285     
          25          27  0.190656902404432     
          26          27   1.66492308435077     
          26          28  0.979396821687573     
          28          29  0.973388989296100     
          28          30  0.944449328795161     
          29          30  0.989768467096926     
          25          31  0.989834302802392     
          22          32  0.984753907690372     
          31          32  0.998704785606549     
           4          33  0.961215554327167     
           6          34  0.954372634102796     
           6          35  0.952021162243081     
           9          36  0.929576249233584     
          13          37  0.964753850804685     
          14          38  0.964452066149113     
          15          39  0.958675774824872     
          16          40  0.964911241601836     
          18          41  0.968221050232659     
          19          42  0.965815023279052     
          23          43  0.962851439704797     
          23          44  0.955970672572157     
          24          45  0.955076853228018     
          24          46  0.963415500091866     
          28          47  0.961204150182487     
          29          48  0.976587774493099     
          29          49  0.981135022072255     
          30          50  0.978753829612717     
          30          51  0.980146574560187     
          31          52  0.965685697820519     
          31          53  0.959358998104021     
          32          54  0.967108588323754     
          32          55  0.958449610881510     
          63          64   1.15808951984703     
          66          67   1.18759916584083     
          64          68  0.293800834296203     
          62          69   1.03634687199687     
          65          70   1.11365456328399     
          69          72   1.23007727517123     
          71          74   1.20466820903509     
          73          75  0.979114055754758     
          63          76   1.27711423731491     
          66          77   1.12357309190462     
          62          78  0.963396090602206     
          75          79  0.973516384257094     
          77          80   1.05587365314201     
          61          82   1.21523565559765     
          69          83  0.930175884263235     
          78          83  0.988930865269388     
          82          85  0.974948998408856     
          59          86   1.01698994641079     
          81          86   1.20082648902485     
          83          88   1.17435756258172     
          70          89   1.03856871770273     
          76          90  0.978490588063425     
          89          90   1.25993622388712     
          71          91  0.998558423090017     
          78          91   1.15274141335614     
          74          92   1.00770816141446     
          60          93   1.24139008307371     
          67          94   1.08575709699005     
          71          94   1.12399893311308     
          62          95   1.17321176122122     
          80          95  0.990815845491402     
          94          95   1.10292761239456     
          60          96  0.992205077106471     
          93          96   1.09068395635791     
          72          97   1.08043418543919     
          79          97   1.01427753493489     
          85          98   1.22557369692510     
          87          98  0.995019637321991     
          90          98  0.959537641788501     
          82          99   1.03718224288237     
          93          99   1.04082675800841     
          76         100  0.931719418703743     
          96         101   1.17746176529291     
          56         102  0.968929961999845     
          57         102   1.14366164859029     
          81         102  0.924307607998054     
          58         103   1.27713016851982     
          92         103  0.963395712678140     
          64         104  0.640300382334402     
          68         104   1.28379146627327     
          92         104   1.00901293785727     
          66         105  0.962718169514145     
          77         105  0.773123765000337     
          64         106  0.932517941478496     
          74         106  0.927011003556664     
          67         107  0.966414712607623     
         100         107   1.08291948898683     
         106         107   1.26308708188314     
          56         108   1.00077363119088     
         101         108   1.07365287701740     
          65         109   1.04363970017556     
         101         109  0.959563590950505     
          75         110   1.12055672033743     
          84         111   1.01909948032744     
          97         111  0.976467578623564     
          85         112  0.994806054769671     
          99         112  0.986486824295822     
          87         113  0.988704808849440     
         100         113   1.18316852729862     
         105         113   1.05542733029209     
          57         114  0.998676077826173     
          58         114  0.958341972882787     
          81         114   1.06348873823321     
         102         114  0.127166196750854     
          57         115   1.00757056620451     
          88         115   1.11750489082379     
         110         115   1.16875835737540     
          59         116   1.14891617591243     
          70         116   1.00557273969829     
          72         117  0.992855544790706     
          80         117   1.25098775381716     
         111         117  0.984172988316021     
          59         118   1.15394392536528     
          68         118  0.625715203732914     
         103         118   1.10442662537394     
         104         118  0.186187005120773     
          61         119  0.891832096007233     
          84         119   1.21437066983845     
          63         120  0.972980243130375     
          68         120   1.00286383557006     
         116         120   1.00245956145137     
         118         120  0.119534690615950     
          65         121  0.944472208658829     
          89         121  0.984603915401087     
         112         121   1.26274010059155     
          60         122  0.995170197668384     
          73         122   1.10289853971479     
          79         123  0.932837619890269     
          84         123   1.10144111116475     
         122         123   1.15058867308091     
          61         124  0.967579381580606     
          87         124   1.25304398805677     
         119         124   1.03302995006154     
          56         125   1.27988597771868     
          73         125  0.984361296662453     
         110         125   1.00475717504961     
          58         126  0.977698999266370     
          88         126  0.922789551925352     
          91         126   1.17056652154082     
          86         127   1.10026960575941     
         108         127   1.12905920144267     
         109         127  0.950692425528029     
