   -0.08050362
    0.16191812
   -0.15452358
   -0.07332952
    0.14215295
   -0.67693352
   -0.05355365
   -0.25659675
    0.20230252
   -0.45415741
    0.14460699
   -0.15994163
   -0.16838915
    0.08009865
   -0.27486672
   -0.01523454
   -0.26962811
   -0.11297522
   -0.16832881
   -0.33048720
   -0.00100642
   -0.34552582
    0.01765012
   -0.66237765
    0.37611405
   -0.19020576
   -0.25505403
    0.03947639
   -0.35546865
    0.01981882
   -0.13071883
    0.06784701
    0.14874861
    0.09124609
   -0.03019147
    0.01405312
    0.52992353
    0.24447024
   -0.00488195
    0.04510501
   -0.00158950
    0.01620983
    0.02506877
    0.25836597
    0.36673928
    0.05532799
    0.39076744
   -0.01654301
    0.32512854
    0.03580543
    0.08152667
    0.08116110
    0.03555950
    0.23863669
   -0.01803850
    0.07952873
    0.09163927
    0.09995165
    0.09971864
   -0.11993639
    0.09519968
    0.15105656
    0.14725771
    0.03217023
    0.26586782
    0.12422102
    0.06763149
    0.06338698
    0.06562453
    0.07618360
    0.09861671
    0.04096767
    0.06866066
    0.26683091
    0.15745840
    0.02513009
    0.02959649
    0.24015485
    0.37447414
    0.24358138
    0.28541667
    0.27267336
    0.27517026
   -0.06726755
    0.29861372
    0.04387590
    0.28100763
    0.21095094
    0.16303197
    0.04119603
    0.23555037
   -0.05918423
   -0.03969685
   -0.04370815
   -0.04430245
    0.95199608
   -0.14728917
   -0.22859721
   -0.23742586
    0.13085290
    0.48084657
   -0.08782156
   -0.14974149
   -0.16272625
   -0.13318513
   -0.08156380
   -0.09378900
   -0.15174976
   -0.08542963
   -0.41621612
   -0.21411095
   -0.15976863
   -0.18685306
    0.01805531
    0.21942163
   -0.34335311
   -0.32629448
   -0.33220563
   -0.32471533
   -0.12887590
   -0.41637180
   -0.06803074
   -0.42149953
   -0.23813913
   -0.16376765
    0.12962920
   -0.34435962
