           1           2  0.979988160233902     
           2           3   1.08237547872097     
           3           4   1.45173162479089     
           4           5   1.28295798623047     
           5           6   1.29645164066985     
           6           7   1.48333528115383     
           7           8   1.36913434777478     
           8           9   1.40788380033485     
           9          10   1.08651284980088     
          10          11   1.10478361939947     
          11          12   1.35530136942662     
          12          13   1.45007236346938     
          13          14   1.38690770322351     
          14          15  0.969655988465415     
          14          16   1.35063794558596     
          16          17  0.994688498617644     
          11          18   1.36415423012549     
          13          18  0.102365358625338     
          16          18   1.40919354659462     
           5          19   1.22730618612436     
           9          19   1.25089274621398     
          19          20   1.27291625513131     
           3          21   1.21512259090347     
          20          21   1.46420096850366     
          21          22   1.07507794709040     
          22          23  0.962533887180372     
          23          24  0.999528854459109     
          24          25  0.991126520604540     
          25          26   1.01220887532985     
          26          27   1.00250891300378     
          27          28  0.989034954246178     
          28          29  0.982074787188049     
          29          30  0.981713397339027     
          26          31   1.00239128992507     
          30          31  0.989178175067850     
           1          32  0.976291206390525     
           1          33  0.976251445422638     
           1          34  0.978682834765179     
           4          35  0.960556938522136     
           7          36  0.958180535942807     
          10          37  0.923817991993601     
          12          38  0.966677957764009     
          13          39  0.965053675171215     
          18          40  0.960955099499736     
          20          41  0.962333018630872     
          23          42  0.968287698624887     
          23          43  0.967402425470750     
          24          44  0.971242791066438     
          24          45  0.971088653460225     
          25          46  0.969530095897050     
          25          47  0.969711060123620     
          27          48  0.970155548646047     
          27          49  0.972851751858310     
          28          50  0.970940100298545     
          28          51  0.965412349087518     
          30          52  0.965509718073843     
          30          53  0.970778013252680     
          31          54  0.972575718878753     
          31          55  0.970014231680644     
          63          64   1.15834355725701     
          66          67   1.18692182436030     
          64          68  0.293667453059211     
          62          69   1.03166856206037     
          65          70   1.11286009219097     
          69          72   1.23468585729856     
          71          74   1.20511088175711     
          73          75  0.981987912230986     
          63          76   1.27712117883659     
          66          77   1.12558961757565     
          62          78  0.963575435167118     
          75          79  0.972940364984082     
          77          80   1.06857894273818     
          61          82   1.19938424484081     
          69          83  0.928647241971137     
          78          83  0.990409010854612     
          82          85  0.981129887204314     
          59          86   1.01818554382797     
          81          86   1.20090067667953     
          83          88   1.16836930844598     
          70          89   1.03869554068799     
          76          90  0.978268673821454     
          89          90   1.26019070348163     
          71          91  0.998606607561461     
          78          91   1.15296507402314     
          74          92   1.00794549157937     
          60          93   1.24118093756245     
          67          94   1.08704802419672     
          71          94   1.12389213048336     
          62          95   1.17747995695843     
          80          95  0.989635802119776     
          94          95   1.10258584127291     
          60          96  0.989989740233179     
          93          96   1.09239983806515     
          72          97   1.06864010305049     
          79          97   1.01237806485770     
          85          98   1.22037872733463     
          87          98  0.996861747896681     
          90          98  0.958812024251639     
          82          99   1.04243992782985     
          93          99   1.03586875344323     
          76         100  0.932007709765512     
          96         101   1.17933038648223     
          56         102  0.969383270827452     
          57         102   1.14304518719348     
          81         102  0.926177175933693     
          58         103   1.27693010293983     
          92         103  0.963400600971618     
          64         104  0.639757274653012     
          68         104   1.28389699710556     
          92         104   1.00861773166522     
          66         105  0.961886005545530     
          77         105  0.792007434354268     
          64         106  0.932270559621329     
          74         106  0.926479474157738     
          67         107  0.966873918156557     
         100         107   1.07916480450714     
         106         107   1.26592891005868     
          56         108   1.00031348695257     
         101         108   1.07276979866704     
          65         109   1.04350684085427     
         101         109  0.959182007826938     
          75         110   1.13404665661200     
          84         111   1.03144319928863     
          97         111  0.974778301728403     
          85         112  0.992860327204144     
          99         112  0.984737942694262     
          87         113  0.989838666438269     
         100         113   1.19044247558642     
         105         113   1.04535716916422     
          57         114  0.999788453727202     
          58         114  0.958750401921386     
          81         114   1.06187735911121     
         102         114  0.127093506031834     
          57         115   1.00660097870555     
          88         115   1.12309800757494     
         110         115   1.16361468150620     
          59         116   1.14961803719312     
          70         116   1.00538878072447     
          72         117   1.00256691356654     
          80         117   1.24385947388137     
         111         117  0.983460059386513     
          59         118   1.15236737923867     
          68         118  0.626308402243166     
         103         118   1.10521979864620     
         104         118  0.186402328402126     
          61         119  0.888116419050774     
          84         119   1.21233887496609     
          63         120  0.972873918893676     
          68         120   1.00343914717189     
         116         120   1.00240308290708     
         118         120  0.119693537480929     
          65         121  0.944787618211932     
          89         121  0.983628925090241     
         112         121   1.26535972950800     
          60         122  0.995172942958049     
          73         122   1.14245177124265     
          79         123  0.937706537144935     
          84         123   1.12010464460590     
         122         123   1.11471886765255     
          61         124  0.967952969685735     
          87         124   1.26231254697428     
         119         124   1.03422340997510     
          56         125   1.28054008630750     
          73         125  0.989685598574146     
         110         125  0.995050877493023     
          58         126  0.978060409564339     
          88         126  0.922672718651903     
          91         126   1.17099827004789     
          86         127   1.09866959756335     
         108         127   1.13120697582394     
         109         127  0.950547755175735     
