   -0.10091549
   -0.07192358
    0.11659413
   -0.43716592
    0.32997436
   -0.38285645
   -0.24474381
    0.07405659
   -0.04173319
    0.01326814
   -0.07068037
    0.06444394
   -0.04706706
    0.25034771
   -0.45843694
   -0.00203932
   -0.01481682
   -0.01261338
   -0.05454573
    0.13843018
   -0.22596908
    0.05056492
   -0.01286773
   -0.06202917
   -0.06105071
    0.00937800
   -0.18215244
    0.03812987
    0.04307369
    0.04078880
    0.05710951
    0.04768095
    0.29727114
    0.09675435
    0.07963557
    0.06683417
    0.08310959
    0.08081857
    0.06837025
    0.04958714
    0.05135219
    0.04282060
    0.05158151
    0.04466552
    0.03049361
    0.16698723
    0.07541263
   -0.22856768
    0.09137741
   -0.31436838
    0.08264864
   -0.26693354
    0.24100907
   -0.27223600
    0.15038506
   -0.10989442
    0.37289802
   -0.21206906
    0.02208004
   -0.22277329
    0.20905476
   -0.16282471
    0.31938730
   -0.08498628
    0.09390405
   -0.12882390
    0.09013898
   -0.30732621
    0.22655084
   -0.00571876
    0.32580878
   -0.36015461
    0.34021390
   -0.25386240
    0.32137706
   -0.36715569
    0.30126297
   -0.20418222
    0.19554353
   -0.16693792
    0.08239598
   -0.17395708
    0.11045597
   -0.14329921
    0.31159421
   -0.35377340
    0.18346768
   -0.13121597
    0.21017783
   -0.24762840
    0.16366953
   -0.20637953
    0.22920264
   -0.28554284
    0.03603483
   -0.18323999
    0.08457431
   -0.15511091
    0.21005193
    0.01530565
    0.30497278
   -0.11437872
    0.32003720
   -0.06021782
    0.23092312
   -0.18366230
    0.11227629
   -0.22347459
    0.25238807
   -0.22782646
    0.11442975
   -0.08575988
    0.20264402
   -0.23151835
    0.36983764
   -0.18149065
    0.10594984
   -0.25266621
