           1           2   1.01865582916346     
           2           3  0.977854935581681     
           3           4  0.961249414128054     
           3           5  0.904796357248060     
           5           6   1.75866321888475     
           5           7   1.15065538524488     
           6           7  0.169831674378440     
           7           8  0.934292831413318     
           8           9   1.02004382535636     
           3          10  0.974202569305160     
           9          10   1.61196450232045     
          10          11   1.20481667395726     
          11          12   1.55280853117600     
          12          13   1.15020289228195     
           9          14   1.06081600083479     
          13          14   1.15402136300794     
          13          15  0.159341151647639     
          14          15   1.62939591649786     
          13          16  0.976527646220230     
          16          17   1.01749231795418     
          12          18   1.08381183629978     
          17          18   1.31956443764867     
          18          19   1.37544666205136     
          19          20   1.42532257851881     
          20          21  0.956002496742163     
          20          22   1.29842441261499     
          17          23   1.42149563418327     
          22          23   1.31960336091248     
          23          24   1.01286899030268     
          24          25   1.00722217401765     
          25          26   1.00754907280399     
          22          27   1.14780881958550     
          26          27   1.00000945564486     
           1          28  0.985999549253453     
           1          29  0.983235726444785     
           1          30  0.986426195818102     
           2          31  0.970784960878804     
           2          32  0.974240059166095     
           4          33  0.893986136541303     
           8          34  0.954117970727425     
           8          35  0.943481110415004     
          11          36  0.958502431698086     
          16          37  0.947750279392675     
          16          38  0.946970694958995     
          19          39  0.962861975181615     
          24          40  0.966428047718925     
          24          41  0.958424720765319     
          25          42  0.975509594536309     
          25          43  0.976121153832189     
          26          44  0.973395590969747     
          26          45  0.967694654760171     
          27          46  0.942261057607058     
          54          55   1.15834256545016     
          57          58   1.18599895635764     
          55          59  0.293479461948895     
          53          60   1.03280853143761     
          56          61   1.11257999644314     
          60          63   1.23289675931778     
          62          65   1.20565985114848     
          64          66  0.982073332128585     
          54          67   1.27656658490482     
          57          68   1.12722089331504     
          53          69  0.963265587689371     
          66          70  0.972861411694987     
          68          71   1.06766023389342     
          52          73   1.20194340511866     
          60          74  0.928842436518052     
          69          74  0.990710624416329     
          73          76  0.980441246867553     
          50          77   1.01822237422447     
          72          77   1.20078200633095     
          74          79   1.16929863663585     
          61          80   1.03904177326342     
          67          81  0.978188682009336     
          80          81   1.25963486925037     
          62          82  0.998621302348000     
          69          82   1.15216151246834     
          65          83   1.00806919802512     
          51          84   1.24107206228339     
          58          85   1.08686280924263     
          62          85   1.12311715151774     
          53          86   1.17706529291316     
          71          86  0.988825663010259     
          85          86   1.10374427751273     
          51          87  0.990352090848343     
          84          87   1.09292758878710     
          63          88   1.07153219021467     
          70          88   1.01294310276796     
          76          89   1.22038629704614     
          78          89  0.997603182012378     
          81          89  0.959023241465208     
          73          90   1.04124123160979     
          84          90   1.03625856942132     
          67          91  0.932222802183165     
          87          92   1.17843742422548     
          47          93  0.969714864763064     
          48          93   1.14275899100306     
          72          93  0.925776316270926     
          49          94   1.27668220375959     
          83          94  0.963332270510257     
          55          95  0.639911569366367     
          59          95   1.28450513221765     
          83          95   1.00865190973657     
          57          96  0.961858445086628     
          68          96  0.792655091307645     
          55          97  0.932257845859988     
          65          97  0.926413492164863     
          58          98  0.967021011006837     
          91          98   1.07856679518516     
          97          98   1.26639309716895     
          47          99   1.00031461642814     
          92          99   1.07295160592317     
          56         100   1.04340693739662     
          92         100  0.958973627355797     
          66         101   1.13564138900573     
          75         102   1.03320947002120     
          88         102  0.975378077812881     
          76         103  0.993439090211992     
          90         103  0.985312765505030     
          78         104  0.989950583443971     
          91         104   1.19161347966993     
          96         104   1.04514005838386     
          48         105   1.00010240325445     
          49         105  0.958821915824963     
          72         105   1.06166765072597     
          93         105  0.126826180485155     
          48         106   1.00658023610907     
          79         106   1.12224430717229     
         101         106   1.16346675934290     
          50         107   1.14963784572793     
          61         107   1.00537685844735     
          63         108   1.00179547023567     
          71         108   1.24573767097427     
         102         108  0.984355346854567     
          50         109   1.15195363918853     
          59         109  0.626826046923996     
          94         109   1.10523169784830     
          95         109  0.186452005570842     
          52         110  0.888535021674240     
          75         110   1.21207444058712     
          54         111  0.973051109592477     
          59         111   1.00386211919022     
         107         111   1.00238752729713     
         109         111  0.119670037344352     
          56         112  0.944853807207932     
          80         112  0.983638414610964     
         103         112   1.26427009470112     
          51         113  0.995342153893687     
          64         113   1.13918796221637     
          70         114  0.938000704143346     
          75         114   1.11866851056050     
         113         114   1.11816767219989     
          52         115  0.968045574454742     
          78         115   1.26051726145852     
         110         115   1.03624459021709     
          47         116   1.28143485658201     
          64         116  0.989997514519221     
         101         116  0.993657874536238     
          49         117  0.978160928475936     
          79         117  0.923064431572224     
          82         117   1.17135975921251     
          77         118   1.09871902590875     
          99         118   1.13088006367289     
         100         118  0.950451832688601     
