   -0.40420003
   -0.15636941
   -0.12150734
   -0.01944571
    0.56768227
   -0.02557893
   -0.67832970
   -0.41284596
    0.26094379
   -0.22841800
   -0.15000449
   -0.05453713
   -0.10526588
   -0.04785233
   -0.23525359
   -0.30391875
    0.61410833
    0.04250391
   -0.52559537
   -0.28765575
    0.01514524
   -0.15048352
    0.07921635
   -0.64453579
   -0.38991242
   -0.10756403
   -0.27717832
    0.17114698
    0.11097003
   -0.48887487
   -0.01001930
   -0.18916544
   -0.20385411
   -0.30312612
   -0.26105223
   -0.10250720
    0.22877582
    0.23190225
   -0.68072509
   -0.10934691
   -0.20899212
   -0.20507312
   -0.08271679
   -0.09950932
   -0.13577977
    0.08349242
   -0.19346245
   -0.08182750
   -0.48244127
   -0.32611876
   -0.35477119
   -0.01014582
   -0.01949443
    0.35439027
    0.03262638
    0.05304463
    0.01432322
    0.01298977
   -0.03278478
    0.06174959
    0.57751873
    0.32897020
   -0.09855060
   -0.01880960
   -0.02009209
    0.00005260
    0.07032568
    0.02902640
    0.20946548
    0.15082637
    0.06646850
    0.01317749
    0.30500048
    0.45285228
    0.03427752
    0.08574924
    0.03332535
    0.03195018
   -0.00681493
    0.04832444
    0.07747460
    0.30386891
    0.28603319
    0.23473260
    0.43730318
    0.02907334
   -0.01181265
   -0.00852237
   -0.00837561
    0.01522451
   -0.05442635
    0.06914222
    0.08855113
    0.48265450
    0.09540397
    0.04660428
    0.67286221
    0.32928466
    0.30248804
    0.46393341
    0.18571917
    0.04864534
    0.01936582
    0.08037871
    0.34098300
    0.27185822
    0.22555527
   -0.08891550
   -0.45102352
    0.02699150
    0.02505597
    0.00505416
   -0.00891822
    0.20411672
    0.01546420
    0.21779184
    0.00582371
    0.02373585
    0.02815812
    0.30576379
    0.13128234
    0.09827661
    0.04778673
    0.53234335
    0.27993802
    0.22773165
    0.59781952
    0.26696217
    0.53041030
    0.32372754
   -0.11714329
    0.21067828
    0.19132334
    0.10446954
    0.15813649
    0.20127615
    0.16703462
   -0.10016924
   -0.11669840
   -0.23127642
   -0.02037341
   -0.36225062
    0.57147809
    0.41562075
    1.03596217
    0.08713414
    0.01035877
   -0.04773893
    0.12880148
   -0.31752077
   -0.01056907
   -0.25451587
   -0.18486511
   -0.03701613
   -0.21526425
   -0.48309311
   -0.38499047
   -0.20071454
   -0.21745836
   -0.28255707
   -0.66386141
   -0.46815538
   -0.31703553
   -0.41448648
   -0.33499257
   -0.27816352
    0.13269398
   -0.42197258
   -0.20047919
   -0.37413584
   -0.56740648
    0.52074216
