           1           2  0.992902890859342     
           2           3  0.994709538477446     
           2           4  0.994733578269563     
           2           5  0.908378609975633     
           5           6   1.06432471765771     
           5           7  0.132785248407594     
           6           7   1.63294917693902     
           6           8   1.19797149624981     
           7           8  0.162796990140588     
           8           9  0.985796574710544     
           9          10  0.980355789109492     
          10          11   1.40924952944774     
          11          12   1.44593167717316     
          10          13  0.109604066357086     
          12          13   1.43697600008254     
          11          14  0.112508834382028     
          13          14   1.44095839804756     
          10          15   1.41850509494340     
          12          15  0.110943253871549     
          14          15   1.43986586232304     
           9          16  0.942360933958718     
          16          17   1.00621616655449     
          16          18  0.946993796926662     
          18          19   1.74476044560380     
          18          20   1.13764837135287     
          19          20  0.171830580722346     
          20          21  0.929684209578749     
          21          22  0.986823339858525     
          22          23  0.963645850288909     
          23          24  0.956829415027007     
          23          25  0.987827827118211     
          25          26   1.60508353542264     
          26          27   1.08498338951524     
          27          28   1.74137597026368     
          27          29  0.947613822337484     
          29          30  0.966150627862477     
          30          31  0.986599603680361     
          29          32  0.971453223136362     
          32          33  0.990290221270226     
          32          34  0.958809928330395     
          34          35  0.994938806202927     
          35          36  0.985409341099439     
          36          37  0.937416765703566     
          37          38   1.10632926153877     
          37          39  0.168497641010552     
          38          39   1.72864262650043     
          38          40   1.00341430660283     
          40          41   1.38637483523661     
          41          42   1.45139891469067     
          40          43  0.101521772645805     
          42          43   1.43263880408801     
          41          44  0.109008517340886     
          43          44   1.43595550491549     
          40          45   1.38823645185226     
          42          45  0.108473234487279     
          44          45   1.44851571675531     
          26          46  0.921185512658020     
          32          46  0.937833663121825     
          36          46  0.957935347317536     
          46          47   1.00029194931754     
          23          48  0.937751643994680     
          34          48  0.966601624081633     
          48          49  0.992825830116924     
          48          50  0.998004526385299     
          21          51  0.991870658934879     
          25          51   1.03022736265636     
           1          52  0.984794210762936     
           1          53  0.984899230549986     
           1          54  0.984047502809665     
           3          55  0.984168575218635     
           3          56  0.980937631583742     
           3          57  0.984989096169175     
           4          58  0.982815903126312     
           4          59  0.984259600383312     
           4          60  0.980794418508269     
           8          61  0.928080442965537     
           9          62  0.946340671787483     
          11          63  0.968542751400442     
          12          64  0.970753498529149     
          13          65  0.971073330105403     
          14          66  0.970892697707540     
          15          67  0.965349581898161     
          16          68  0.937903881045247     
          17          69  0.860398724194675     
          21          70  0.962687904440784     
          22          71  0.963524428308238     
          22          72  0.964402903033948     
          24          73  0.877194913715526     
          29          74  0.943562619683702     
          31          75  0.978328391268286     
          31          76  0.979515060063485     
          31          77  0.979022892590812     
          33          78  0.982335126361050     
          33          79  0.982801927707409     
          33          80  0.978422373242494     
          34          81  0.968284457479995     
          35          82  0.977392741656785     
          35          83  0.962539875286667     
          36          84  0.955568477651713     
          41          85  0.966926562595330     
          42          86  0.969624341411607     
          43          87  0.970051084169212     
          44          88  0.969933315459656     
          45          89  0.966593011616344     
          47          90  0.980829616703256     
          47          91  0.979498472386479     
          47          92  0.980892346011736     
          49          93  0.980156300618206     
          49          94  0.983703397659103     
          49          95  0.979570234460889     
          50          96  0.978207139596184     
          50          97  0.983271500415526     
          50          98  0.980681750619669     
          51          99  0.942386361153101     
          51         100  0.937539857316863     
         108         109   1.15868080429995     
         111         112   1.18651939644123     
         109         113  0.293231063406365     
         107         114   1.03095930578582     
         110         115   1.11262036743246     
         114         117   1.23493932348498     
         116         119   1.20561690102320     
         118         120  0.983387241904745     
         108         121   1.27632169451165     
         111         122   1.12609125956462     
         107         123  0.963725320312229     
         120         124  0.973850067125472     
         122         125   1.06892126949117     
         106         127   1.20020428069424     
         114         128  0.929691874504465     
         123         128  0.988994367316045     
         127         130  0.981069147092822     
         104         131   1.01844110218268     
         126         131   1.20036500827976     
         128         133   1.16999704009124     
         115         134   1.03904927375645     
         121         135  0.978202484220791     
         134         135   1.25996509559205     
         116         136  0.998694789219905     
         123         136   1.15315876369166     
         119         137   1.00781741811627     
         105         138   1.24156314420691     
         112         139   1.08743654317258     
         116         139   1.12346330302870     
         107         140   1.17798713713553     
         125         140  0.989263085292528     
         139         140   1.10306651328513     
         105         141  0.989693709485384     
         138         141   1.09258505474053     
         117         142   1.06829946448754     
         124         142   1.01391885719256     
         130         143   1.22067422445008     
         132         143  0.997143766567790     
         135         143  0.958887762560034     
         127         144   1.04202638122386     
         138         144   1.03653431042724     
         121         145  0.932140428941635     
         141         146   1.17905626045077     
         101         147  0.969069767952787     
         102         147   1.14237425666412     
         126         147  0.926930247885730     
         103         148   1.27718603983146     
         137         148  0.963433760314254     
         109         149  0.638821746335996     
         113         149   1.28357124734961     
         137         149   1.00792352351816     
         111         150  0.962064794360677     
         122         150  0.792267473075837     
         109         151  0.931892151005228     
         119         151  0.926362508973037     
         112         152  0.967060531425127     
         145         152   1.07893502045195     
         151         152   1.26658899810832     
         101         153   1.00041275429609     
         146         153   1.07323477170572     
         110         154   1.04357806925998     
         146         154  0.959335128740667     
         120         155   1.12962487975506     
         129         156   1.03272376409394     
         142         156  0.976005662175901     
         130         157  0.993278109651568     
         144         157  0.985041284142165     
         132         158  0.989895705448453     
         145         158   1.19121647287399     
         150         158   1.04522413807659     
         102         159  0.999443266583625     
         103         159  0.958819246475391     
         126         159   1.06196033617977     
         147         159  0.127054214917234     
         102         160   1.00717063166711     
         133         160   1.12147707764541     
         155         160   1.16605292663228     
         104         161   1.14964778384908     
         115         161   1.00527355417763     
         117         162   1.00260843147547     
         125         162   1.24411422423444     
         156         162  0.984004530438180     
         104         163   1.15230661496032     
         113         163  0.626455954056636     
         148         163   1.10522583076155     
         149         163  0.186345907669868     
         106         164  0.888245002434673     
         129         164   1.21378042557655     
         108         165  0.973295485501853     
         113         165   1.00204844226487     
         161         165   1.00100518662563     
         163         165  0.119775322130641     
         110         166  0.944961800149604     
         134         166  0.983693013602501     
         157         166   1.26487811012071     
         105         167  0.995289164199494     
         118         167   1.13969512120123     
         124         168  0.938474265478905     
         129         168   1.11823295072952     
         167         168   1.11639782892047     
         106         169  0.968244625564413     
         132         169   1.26231679501204     
         164         169   1.03448045412873     
         101         170   1.27965861584038     
         118         170  0.989717501697609     
         155         170  0.995633431602963     
         103         171  0.977721451152075     
         133         171  0.922177338115364     
         136         171   1.17138754893841     
         131         172   1.09885368677036     
         153         172   1.13128184895888     
         154         172  0.950544529142508     
