    0.80427335
    0.84591086
   -0.84399615
   -1.33529962
   -1.61702616
    0.41378669
    0.20025058
    0.46465421
    0.42993730
    0.37870744
    0.23274047
    0.08095996
   -0.21851229
    0.09318215
   -0.31278561
    0.07037548
   -0.27982207
    0.24122131
   -0.27018522
    0.14816544
   -0.11160593
    0.37322859
   -0.20826674
    0.02284717
   -0.19264838
    0.21177819
   -0.15924679
    0.32512283
   -0.10136327
    0.09298296
   -0.11363182
    0.08711774
   -0.30695113
    0.22797060
   -0.03214203
    0.32441140
   -0.35647314
    0.34318483
   -0.22666168
    0.33400753
   -0.37282755
    0.30070324
   -0.20638306
    0.19776795
   -0.16824804
    0.08242118
   -0.16708753
    0.11092335
   -0.15422643
    0.30931069
   -0.34572236
    0.18785273
   -0.11640881
    0.21366484
   -0.25503275
    0.16341461
   -0.21051376
    0.23219629
   -0.28234579
    0.03863840
   -0.18547254
    0.08430494
   -0.15516186
    0.21242436
    0.01700221
    0.32465114
   -0.12626377
    0.32330840
   -0.06332877
    0.23228923
   -0.16945654
    0.11181965
   -0.21550618
    0.25197468
   -0.24556784
    0.11330501
   -0.08780256
    0.20454223
   -0.30279526
    0.37763991
   -0.17665224
    0.10842147
   -0.25197194
