           1           2   4.27682490474142     
           3           4  0.246560625053608     
           4           5  0.769821746871162     
           4           6  0.145979919297494     
           5           7  0.416974205823897     
           3           8  0.441842090076321     
           5           9  0.365081267787029     
           7           9  0.543634497027383     
           3          10  0.538222352368534     
           8          10  0.326610456787746     
           4          11  0.242318794676869     
           6          11  0.553650490731443     
           5          16  0.104538613788924     
          12          18  0.232290234307230     
           3          21  0.137522571614256     
          13          22  0.225148532178618     
          19          24  0.169289148698110     
          23          25  0.164603157291786     
           4          28  0.109728616513768     
          14          28  0.157810163123647     
           4          29  0.134053303512824     
          26          29  0.116328968940119     
          15          30  0.195283078526424     
          27          31  0.129408570723810     
          16          32  0.126293225076343     
           4          33  0.130065735259307     
          20          33  0.149809671890888     
          17          34  0.194835989796536     
          21          35  0.141979104990278     
          12          36  0.163422434588419     
          14          36  0.155324269370414     
          13          37  0.166844993610854     
          14          37  0.157216002950834     
          12          38  0.177928034734351     
          15          38  0.174317654201111     
          13          39  0.170464221390024     
          15          39  0.172594423678452     
          16          40  0.105850689296848     
          18          40  0.130813222408290     
          17          41  0.166303928507222     
          18          41  0.153456112432348     
          16          42  0.113971188971063     
          19          42  0.132216175837968     
          17          43  0.167441076228279     
          19          43  0.165368078020713     
          20          44  0.143837183815989     
          22          44  0.145546133772100     
          21          45  0.109744844481097     
          22          45  0.136688117096424     
          20          46  0.144552846096088     
          23          46  0.147511917491173     
          21          47  0.121936905827087     
          23          47  0.138205517464094     
          12          48   2.88825327666334     
          13          49   2.90771210951473     
          14          50   2.95368226541674     
          15          51   2.96616950058289     
          16          52   2.99727712674051     
          17          53   2.96736925401184     
          18          54   2.93972874449887     
          19          55   2.99642668028001     
          20          56   2.94335316902557     
           3          57  0.102939201501618     
          21          57   2.95104357764836     
          22          58   2.94855785230863     
          23          59   3.02198081523702     
          24          60   3.43545924175013     
          25          61   3.44145199487386     
          26          62   3.49438600899771     
          27          63   3.50907973330633     
          28          64   3.40126024214068     
          29          65   3.43223264388183     
          62          65  0.114282289157211     
          30          66   3.38290802199295     
          31          67   3.49527381876083     
          63          67  0.117797294318758     
          32          68   3.47886786489619     
          33          69   3.38144831313313     
          34          70   3.37839814592232     
          35          71   3.41312379149262     
          36          72   2.81397639433492     
          48          72  0.152312472037929     
          50          72  0.144714605730976     
          37          73   2.79069615690055     
          49          73  0.165995749247459     
          50          73  0.159519134613530     
          38          74   2.77735724303669     
          48          74  0.158630314927554     
          51          74  0.167638805700371     
          39          75   2.80864834571368     
          49          75  0.146350736457725     
          51          75  0.151862918669808     
          40          76   2.91697666833806     
          52          76  0.125223752712772     
          54          76  0.134402324287219     
          41          77   2.82048712845843     
          53          77  0.156291668728179     
          54          77  0.147804582123634     
          42          78   2.90388947360149     
          52          78  0.128951115837039     
          55          78  0.158232621644754     
          43          79   2.82684102966371     
          53          79  0.163260654659029     
          55          79  0.151933826453262     
          44          80   2.83196961915572     
          56          80  0.151846127287826     
          58          80  0.153636123583692     
          45          81   2.89903722812045     
          57          81  0.124870821235941     
          58          81  0.134819138124725     
          46          82   2.84365861892237     
          56          82  0.151104174397136     
          59          82  0.156605786394170     
          47          83   2.89303628492202     
          57          83  0.135244611228464     
          59          83  0.152741712261845     
