    1.74151100
    1.81970672
   -0.41041541
   -0.02402209
   -0.90993789
   -0.10556398
   -0.59831167
   -0.25090918
   -0.84320672
   -0.62149468
   -0.71464701
   -0.45112086
   -0.35142489
    0.00105574
    0.09897120
    0.55316945
    0.54405030
    0.06673556
    0.08454144
    0.11747242
    0.14520721
    0.09173015
    0.13529112
    0.26843808
   -0.01282249
    0.07551023
   -0.23195338
    0.08332857
   -0.31905913
    0.07668248
   -0.28163749
    0.23690207
   -0.27419398
    0.13730640
   -0.11685166
    0.37087811
   -0.21777630
    0.01333794
   -0.23202678
    0.20896877
   -0.16954969
    0.32161001
   -0.08936307
    0.08877175
   -0.13704108
    0.08149188
   -0.32363006
    0.22016395
   -0.02545925
    0.32711908
   -0.36585366
    0.33983223
   -0.26025773
    0.31985347
   -0.37622813
    0.30239748
   -0.20777476
    0.19606405
   -0.17280162
    0.07875595
   -0.17681354
    0.10402717
   -0.14939248
    0.31195783
   -0.36074322
    0.18393920
   -0.14841489
    0.21027973
   -0.25687242
    0.16198963
   -0.21139796
    0.22829716
   -0.28680621
    0.03124747
   -0.19438588
    0.07583561
   -0.16270974
    0.21017944
    0.01277441
    0.30899514
   -0.12878424
    0.32041109
   -0.06910929
    0.22945136
   -0.18854637
    0.10917633
   -0.23247346
    0.25068332
   -0.24039506
    0.10777195
   -0.08917692
    0.19994232
   -0.24546068
    0.37119479
   -0.18534615
    0.10234754
   -0.25519319
