           1           2   2.58310787972314     
           3           4  0.765036982651000     
           4           5  0.691152488448690     
           1           6  0.996969911654231     
           2           6   1.08996148002112     
           5           6  0.222984054637850     
           1           7  0.101452120481141     
           6           7  0.448996749705529     
           7           8  0.957152829060976     
           6           9  0.252150380191439     
           8           9  0.467852006247050     
           6          10  0.219601220357901     
          10          11   1.10229888691251     
          10          12  0.805187592137235     
           4          13  0.554687359790841     
          12          13  0.421648231564426     
           6          16  0.165136289895826     
           5          17  0.103414127718906     
           6          17  0.119339170677870     
          16          17  0.226012500121608     
          14          18  0.924168197055310     
          15          19  0.797150579202734     
           7          20  0.872359075467536     
           7          21  0.883804350776160     
           8          22  0.828151947240702     
           8          23  0.861017101954217     
           9          24  0.656634896456278     
           9          25  0.512004127534330     
          13          26  0.175690243305725     
           3          31  0.928121909085242     
           4          31  0.146724663495018     
          12          32  0.103104986244257     
          13          32  0.249397385611914     
          26          32  0.177348375346713     
          27          36  0.216840073539851     
          33          38  0.176598977762960     
          37          39  0.160879158086510     
          28          42  0.169101877631611     
          40          43  0.126343046075693     
          29          44  0.187320068685613     
          41          45  0.140262323083017     
          11          46  0.166977489913684     
          30          46  0.116577608933828     
          34          47  0.177792090152478     
           3          48  0.173385850744727     
          35          49  0.168834675279612     
          26          50  0.133820101195070     
          28          50  0.154933775251818     
          27          51  0.160077424342949     
          28          51  0.156422421820694     
          26          52  0.117845520528530     
          29          52  0.159394344711401     
          27          53  0.145749748356160     
          29          53  0.156315655198406     
          12          54  0.353955152723656     
          13          55  0.466044085147333     
          32          55  0.143190595009633     
          30          56  0.128923288843938     
          33          56  0.140929912878406     
           3          57  0.234790373426423     
          33          57  0.130273777980608     
          34          58  0.153180768118756     
          36          58  0.155919853131055     
          35          59  0.138538567550387     
          36          59  0.149751683016451     
          34          60  0.151749928987680     
          37          60  0.142403852203647     
          35          61  0.118438289048978     
          37          61  0.140785566844005     
          26          62   3.05541969906512     
          27          63   2.98070898368434     
          28          64   3.05936776375985     
          29          65   2.99348977795091     
          30          66   3.13901217878042     
           3          67  0.619510018491088     
           4          67  0.120946015224927     
          31          67   2.31329990900288     
          13          68  0.203327381747366     
          32          68   3.02358752394626     
          33          69   3.18252862868878     
          34          70   3.02529418007107     
          35          71   3.08779894276326     
          36          72   2.95749873033902     
          37          73   3.04796489846318     
          38          74   3.44757538299797     
          39          75   3.44310635667820     
          40          76   3.53365641469755     
          41          77   3.50900829413153     
          42          78   3.44995458116616     
          43          79   3.51861571922867     
          76          79  0.116152388693316     
          44          80   3.46432822627743     
          45          81   3.50972202885583     
          77          81  0.108733253253770     
          46          82   3.29060433989800     
          47          83   3.46422742750069     
          48          84   3.29232816876523     
          49          85   3.46169221693172     
          50          86   2.94340074771108     
          62          86  0.104169141075322     
          64          86  0.132489490596049     
          51          87   2.83950454675898     
          63          87  0.142531025397817     
          64          87  0.146855659906314     
          52          88   2.95145842194173     
          62          88  0.115454503979288     
          65          88  0.123818495428605     
          53          89   2.85068847364390     
          63          89  0.129774898095638     
          65          89  0.142465162401667     
          12          90  0.106094055571615     
          54          90   2.79035623450100     
          13          91  0.146963084080329     
          55          91   2.69293175534078     
          67          91  0.148662322572724     
          68          91  0.129623441589304     
          56          92   3.00613227631627     
          66          92  0.103215546832761     
          69          92  0.150501748808407     
          57          93   2.92201381139024     
          58          94   2.83402559426358     
          70          94  0.143308987352801     
          72          94  0.147079120336422     
          59          95   2.91584755164209     
          71          95  0.130544095361762     
          72          95  0.127552512132893     
          60          96   2.89759296215534     
          70          96  0.135487564916623     
          73          96  0.137007405302513     
          61          97   2.89968578749537     
          71          97  0.131813421432214     
          73          97  0.130589092044101     
