   -0.12397998
    0.16158229
   -0.12173901
   -0.13458306
   -0.33669592
    0.35833304
   -0.65533345
   -0.29948023
    0.06861046
   -0.14060065
    0.18005178
   -0.28603461
   -0.22137183
   -0.32704090
    0.25880155
   -0.06431561
   -0.11615485
    0.01683906
   -0.49296694
   -0.36228219
    0.06472392
   -0.21189655
    0.04092313
   -0.52896971
   -0.34879349
    0.22379690
   -0.04309781
   -0.66537186
    0.00723088
   -0.49394588
   -0.25958561
   -0.13973855
   -0.14211096
    0.53824141
   -0.23121426
    0.17365743
    0.11732949
   -0.64866549
   -0.03236341
   -0.10282002
   -0.08002882
   -0.09522028
   -0.09214219
   -0.29314356
   -0.14069571
   -0.18689217
   -0.16840657
   -0.23496056
   -0.23379005
   -0.29134187
    0.05264647
    0.04577694
    0.04573828
    0.03819850
    0.06498583
    0.04013770
    0.04873193
    0.06638717
    0.04439868
    0.10945404
    0.60443487
   -0.05158991
    0.02105792
    0.01604621
    0.18163478
    0.70428181
    0.43340271
    0.19077244
    0.10528918
    0.09341457
    0.08719905
    0.38259708
   -0.04474734
    0.31602697
    0.04657306
   -0.01822151
    0.01238187
   -0.01440314
   -0.66826143
    0.33406728
    0.00015107
    0.01972757
    0.00928585
    0.00882076
    0.05578459
    0.11261615
    0.07348251
    0.02780603
    0.02734861
    0.06562954
    0.12425239
    0.34397704
    0.22854266
    0.10265472
    0.18448619
    0.37962875
    0.11906363
    0.17538321
    0.05847085
    0.15899919
    0.10070532
    0.35934906
    0.35152799
    0.24793622
   -0.04495472
   -0.01815872
    0.28151186
    0.03878462
    0.15417832
    0.11490937
    0.38216572
    0.14372487
    0.17429865
    0.04405741
    0.13377475
    0.07077919
    0.06815452
    0.19607557
    0.03629163
    0.10713468
    0.10945424
    0.47718649
    0.30978604
    0.27817520
    0.29159588
    0.03151515
    0.23320424
    0.49925972
    0.09652492
    0.07018178
    0.29694352
   -0.07118709
    0.33535586
   -0.14842864
    0.02581860
   -0.03316395
   -0.00376616
    0.14952847
   -0.33786432
   -0.06794956
    0.01057080
   -0.11697856
   -0.01878440
   -0.09721519
    0.41113498
   -0.32342076
   -0.08402898
   -0.30900996
   -0.20428627
   -0.08321928
   -0.23879844
   -0.12484002
   -0.05131730
   -0.32415163
   -0.17272832
   -0.16426037
   -0.08327075
   -0.52134854
   -0.29327517
   -0.33971698
   -0.34004148
   -0.33314260
   -0.28197089
   -0.15310662
   -0.43926376
    0.33617369
   -0.41956058
    0.60281961
    0.24575097
