           1           2  0.993044161123082     
           2           3  0.994948054796445     
           2           4  0.995283485596132     
           2           5  0.918068206288277     
           5           6   1.01057284261777     
           6           7   1.37915414240706     
           6           8  0.945285687752516     
           8           9  0.863120871397505     
           9          10  0.562311419821450     
          11          12  0.796376564000975     
          12          13   1.37060793813869     
          12          14  0.125885638371352     
          13          14   1.03349042369993     
          10          15  0.368744975187724     
          14          15  0.343507123777216     
           9          16  0.528535778027584     
          16          17  0.482632638257008     
          16          18  0.725121761295794     
          18          19   1.04764681261469     
          18          20  0.907811353970587     
          20          21  0.937531921188971     
          21          22  0.981185736457328     
          22          23  0.963579054677574     
          23          24  0.938812068117362     
          23          25  0.971526694001343     
          25          26  0.729605310007554     
          26          27  0.270998398269157     
          27          28   1.21324418530563     
          27          29  0.829548056546323     
          29          30  0.941248543077736     
          29          31  0.862587564402329     
          31          32  0.871298303953284     
          31          33  0.150137927387174     
          33          34  0.123150846143220     
          33          35  0.109601874225741     
          35          36  0.414029323941828     
          36          37  0.493799691226657     
          37          38   1.27909733900241     
          37          39  0.657319701441519     
          39          40   1.29151054552386     
          40          41   1.40857289014791     
          41          42   1.33556704742330     
          42          43   1.42055304080245     
          39          44   1.04038296669346     
          43          44   1.23459743527482     
          27          45  0.124491909129364     
          35          45  0.549634560939919     
          45          46  0.685983028915830     
          23          47  0.817371930894535     
          33          47  0.459141619192912     
          47          48  0.844475108754253     
          47          49  0.350624603274658     
          21          50  0.957819032668456     
          25          50  0.937731201160108     
           1          51  0.984600992702281     
           1          52  0.985247533673751     
           1          53  0.984767175206448     
           3          54  0.985409471635825     
           3          55  0.980692223908661     
           3          56  0.984376283254577     
           4          57  0.984368514205046     
           4          58  0.980644421664955     
           4          59  0.983775778983451     
           8          60  0.904683410347680     
          11          62  0.580031588987070     
          12          63  0.938895863871225     
          13          64  0.948381829648594     
          14          65  0.844739774741790     
          16          67  0.299885224970714     
          17          68  0.669732381210601     
          21          69  0.840623868846785     
          22          70  0.829269746698991     
          22          71  0.953769504910974     
          24          72  0.777983236315208     
          29          73  0.915142651796783     
          30          74  0.880564411562441     
          32          75  0.967883569182654     
          32          76  0.978726735983878     
          32          77  0.973459334205123     
          33          78  0.861559814420100     
          34          79  0.250356341175946     
          35          81  0.872389603855530     
          40          82  0.968021747385077     
          41          83  0.969666454987459     
          42          84  0.971397398024093     
          43          85  0.939976354950219     
          44          86  0.694014445962301     
          46          87  0.952199093072571     
          46          88  0.956752864140917     
          46          89  0.949279947681597     
          48          90  0.863240823975094     
          48          91  0.774532778555233     
          48          92  0.333320468133978     
          49          93  0.306113380562318     
          49          94  0.887287143768617     
          49          95  0.834728011423569     
          50          96  0.454699476672163     
          50          97  0.883577581864953     
          18          98  0.234502265904019     
          10         102  0.619819815958328     
          11         102   1.05510646300480     
          17         103  0.875363615967516     
           9         104  0.137181719998085     
          16         104  0.420009730031586     
          18         104  0.110630967905379     
          98         104  0.127119945609332     
          15         105  0.695519768880501     
          66         105  0.160544172199698     
          35         106  0.103150582061598     
          80         106  0.165572313874053     
          25         107  0.132496781732279     
          26         107  0.371423997464427     
          96         108  0.223140166579987     
          99         108  0.159066424120810     
          31         109  0.218972795354315     
          33         109  0.602112123676725     
          45         109  0.111817240638252     
         105         110  0.303662698804487     
          33         111  0.162918724704337     
          47         111  0.742801721425432     
          49         111  0.302388888613070     
         109         111  0.102483520149703     
          48         112  0.413930141338222     
          92         112  0.409816733102386     
         100         114  0.150851015418228     
         101         116  0.159185259534799     
         113         117  0.119537717928387     
         102         118  0.111003058201844     
         106         119  0.195238014719685     
         107         121  0.128367328609251     
          19         122  0.589615205675075     
          99         123  0.117944327025237     
         100         123  0.134683887041243     
          98         124  0.121978693102799     
         101         124  0.127692957205135     
          99         125  0.123872465028655     
         101         125  0.141368229348459     
           9         126  0.224816968405466     
          61         126  0.120970395128726     
         102         126  0.303218278622407     
          16         127  0.476102061964562     
          67         127  0.266834764695337     
          10         128  0.307592046080768     
          14         128  0.318433665211694     
          15         128  0.615646454248541     
         105         129  0.274064292716593     
          36         130  0.186356518742851     
          44         130  0.259952113326070     
          86         130  0.226330033058544     
         106         130  0.223790960140418     
         108         130  0.130556529613534     
          50         131  0.190515092968738     
          33         132  0.185716421338512     
          34         132   1.31196908050313     
          35         132  0.136233502309143     
          79         132  0.116578122053130     
          80         132  0.321193382561481     
         106         132  0.130654511256557     
         109         132  0.225385844105597     
          26         133   1.06277486432560     
          27         133  0.606257003521686     
          45         133  0.100726801196382     
          98         134   2.97548508171656     
          99         135   3.16467964940438     
         100         136   3.11605249762586     
         101         137   3.15980804075137     
          10         138  0.676616173730750     
          11         138   1.08741647901933     
          12         138  0.113449218302499     
         102         138  0.934341359231309     
         118         138  0.160176276539369     
           6         139  0.106665857964648     
          17         139  0.160009804015288     
          68         139  0.130432666637740     
         103         139   2.41942982159105     
           9         140  0.435301694952414     
          16         140  0.308801123050188     
         104         140   2.33126916000990     
          15         141  0.931319444364634     
          66         141  0.266123665491163     
         105         141   1.57746420024979     
          36         142  0.430855949478829     
         106         142   2.45699534344154     
          25         143  0.109836452864389     
          26         143  0.504478215652342     
         107         143   2.58238493937414     
          50         144  0.160201923427123     
         108         144   2.95703557646383     
          31         145  0.881092052206235     
          33         145  0.393635448599871     
          45         145  0.552242268514815     
         109         145   1.51828609921427     
         110         146   3.07444676750691     
          47         147  0.100525434410112     
          49         147  0.673689474432185     
          93         147  0.436085986604576     
         111         147   1.89803391727793     
          48         148  0.285055193331582     
          91         148  0.109236132773146     
         112         148   2.60593123078765     
         113         149   3.38710347520875     
         114         150   3.50959146295955     
         136         150  0.100308996074289     
         115         151   3.37207337388066     
         116         152   3.47670817963972     
         117         153   3.50498755123224     
         118         154   3.09770309310516     
         119         155   3.36555906835367     
         120         156   3.51880608331146     
         121         157   3.45784583454634     
         122         158   2.52974376173817     
         136         158  0.125332686746512     
          43         159  0.100146783035932     
         123         159   2.88519309300308     
         135         159  0.118990907835777     
         124         160   3.00501338136745     
         137         160  0.143999300119591     
         125         161   2.98567608620742     
         135         161  0.128441339538944     
         137         161  0.125844397179037     
           9         162  0.613450219527386     
          61         162  0.437462634229090     
         126         162   1.72657111366201     
           6         163  0.248704286172761     
          16         163  0.135637734970245     
         127         163   2.49137698303209     
          10         164  0.416436365461328     
          15         164  0.576697779567090     
         128         164   1.60809929275534     
         129         165   2.91358516691276     
          36         166  0.802879355358721     
          37         166  0.511791929483171     
          39         166  0.241647971297643     
         130         166   1.66753953096021     
         131         167   3.01241012106207     
          34         168   1.88306444579816     
          35         168  0.999697872870802     
         132         168  0.467302004054476     
          26         169  0.585689286658231     
          27         169  0.100188320064886     
          45         169   1.03299216842976     
         133         169   1.35342842096536     
