   -0.06746442
   -0.06578598
    0.27029533
   -0.41893247
   -0.15973998
    0.05141283
   -0.07191712
    0.05340226
   -0.14302180
    0.23262114
   -0.27325042
    0.07425159
   -0.07238495
    0.11552880
   -0.03646096
   -0.01102475
   -0.02484021
   -0.05138568
    0.03446015
   -0.05311691
   -0.03563713
   -0.04020797
   -0.03297191
   -0.00490363
   -0.30214411
    0.10724204
   -0.28587058
    0.03844877
   -0.08499496
    0.02686354
   -0.17059437
   -0.03039402
    0.00568222
    0.00246944
   -0.17545773
   -0.03208803
   -0.03514082
    0.07494334
    0.04366645
    0.04654132
    0.21175433
    0.11269478
    0.20119527
    0.04386415
    0.02740981
    0.03780970
    0.06074392
    0.05906912
    0.05858935
    0.02257171
    0.02509502
    0.02703134
    0.04346682
    0.05681373
    0.04101877
    0.03981510
    0.03569447
    0.03743354
    0.01598822
    0.04399017
    0.02001729
    0.03851951
    0.03777521
    0.01310969
    0.04059787
    0.01557811
    0.03561597
    0.01549186
    0.04070735
    0.04244019
    0.07524908
   -0.22828143
    0.09165252
   -0.31476512
    0.08402527
   -0.27034609
    0.24107196
   -0.27290390
    0.14995701
   -0.11052453
    0.37244411
   -0.21283371
    0.02133224
   -0.22046084
    0.20885681
   -0.16319716
    0.31966120
   -0.08163767
    0.09347904
   -0.12479628
    0.08968858
   -0.30892066
    0.22613525
    0.00271797
    0.32523473
   -0.36062279
    0.33973355
   -0.25320832
    0.32005847
   -0.36884566
    0.30107520
   -0.20510448
    0.19505533
   -0.16759281
    0.08187716
   -0.17428500
    0.11020183
   -0.14483511
    0.31159237
   -0.35419335
    0.18346413
   -0.12341051
    0.20989832
   -0.24927464
    0.16374484
   -0.20694789
    0.22910068
   -0.28615638
    0.03512182
   -0.18563210
    0.08432345
   -0.15590856
    0.21052231
    0.01448095
    0.30482998
   -0.11277204
    0.31986307
   -0.06085200
    0.23070356
   -0.18269127
    0.11189917
   -0.22317230
    0.25245288
   -0.22931332
    0.11382944
   -0.08624628
    0.20235543
   -0.22906096
    0.36884020
   -0.18025290
    0.10565073
   -0.25313528
