           1           2   1.93417540241922     
           2           3   1.00698467756766     
           3           4   1.67828748235925     
           3           5   1.19514092217677     
           4           5  0.170963952420974     
           5           6   1.08656378959692     
           6           7   1.37924732386268     
           7           8   1.38188097488670     
           8           9   1.10392694989222     
           9          10   1.16353311485334     
          10          11   1.33155322541909     
          11          12   1.41893827340325     
          12          13   1.44965017917707     
          13          14   1.35714949900041     
          14          15   1.07398441944889     
          15          16   1.51103316282859     
          16          17   1.22059151137796     
          17          18   1.00348381926328     
          17          19   1.14993255738849     
          19          20   1.33299945360338     
          20          21   1.48026804426860     
          21          22   1.39121903815604     
          20          23  0.124909338644109     
          22          23   1.49068833135604     
          15          24   1.18562850192123     
          19          24   1.26687280439118     
          23          24   1.32935744028742     
          10          25   1.32860840143352     
          14          25   1.37549405805669     
           8          26   1.28046301617324     
          26          27   1.03130648289795     
          27          28  0.983944096420450     
          26          29   1.39535399422912     
           6          30   1.31817718805510     
          29          30   1.39561609504206     
          30          31   1.01040535909236     
          31          32   1.00503966828755     
          31          33  0.985028201304604     
          33          34  0.994904098532896     
          34          35  0.998313235973063     
          35          36   1.01350318117936     
          35          37   1.01331892071034     
           1          38  0.971047891628644     
           1          39  0.977926788368221     
           2          40  0.964218660852982     
           5          41  0.903084740201900     
           7          42  0.947617911038803     
           9          43  0.924169504213558     
          12          44  0.962658364481209     
          13          45  0.966554856226600     
          16          46  0.966776700613856     
          18          47  0.981758435452792     
          18          48  0.976217429692719     
          18          49  0.976109303606782     
          20          50  0.969893834038891     
          21          51  0.971534262484861     
          22          52  0.971259825082899     
          23          53  0.969355566346660     
          28          54  0.980148086273642     
          28          55  0.977932251260386     
          28          56  0.977732651986584     
          29          57  0.962750623483524     
          32          58  0.980733873552230     
          32          59  0.975093023193610     
          32          60  0.983404806723079     
          33          61  0.967337333493860     
          33          62  0.971898606850460     
          34          63  0.972665793064055     
          34          64  0.965367683640710     
          36          65  0.982087886856067     
          36          66  0.976107113389238     
          36          67  0.983006815521665     
          37          68  0.975559310516919     
          37          69  0.982315882778377     
          37          70  0.979947440618455     
          78          79   1.15766198575067     
          81          82   1.18629405124821     
          79          83  0.293803730329079     
          77          84   1.03559506017487     
          80          85   1.11258553610366     
          84          87   1.23059480821696     
          86          89   1.20668700804342     
          88          90  0.982939722307783     
          78          91   1.27684501524664     
          81          92   1.12803132289471     
          77          93  0.962868060085461     
          90          94  0.973571918282882     
          92          95   1.06490666081350     
          76          97   1.20169455504836     
          84          98  0.929226084252992     
          93          98  0.992003560219903     
          97         100  0.979989358279697     
          74         101   1.01755643727147     
          96         101   1.20156209096018     
          98         103   1.16975312811062     
          85         104   1.03872897433608     
          91         105  0.978258335913673     
         104         105   1.25957323271710     
          86         106  0.998666590049420     
          93         106   1.15073042287625     
          89         107   1.00821828970718     
          75         108   1.24013465401918     
          82         109   1.08553311725022     
          86         109   1.12247052900678     
          77         110   1.17515468869626     
          95         110  0.988233616834218     
         109         110   1.10558149079711     
          75         111  0.989624061233597     
         108         111   1.09321074690302     
          87         112   1.07737899667462     
          94         112   1.01421836569378     
         100         113   1.21999082476075     
         102         113  0.997979274472906     
         105         113  0.958958323979625     
          97         114   1.04166038142267     
         108         114   1.03500015723967     
          91         115  0.932356647803024     
         111         116   1.17875828954784     
          71         117  0.970122962411054     
          72         117   1.14226014848264     
          96         117  0.924798312160132     
          73         118   1.27561563069555     
         107         118  0.963281025727966     
          79         119  0.640548749217239     
          83         119   1.28491426636094     
         107         119   1.00880146971337     
          81         120  0.961150849539148     
          92         120  0.792458888315771     
          79         121  0.932345895244391     
          89         121  0.926370648144433     
          82         122  0.966994537540966     
         115         122   1.07882696339965     
         121         122   1.26586800849175     
          71         123   1.00015294858568     
         116         123   1.07201385291500     
          80         124   1.04324278291092     
         116         124  0.958773165343688     
          90         125   1.13870426042092     
          99         126   1.03544146882277     
         112         126  0.975875802036970     
         100         127  0.993074801163931     
         114         127  0.985832132228732     
         102         128  0.989834914173902     
         115         128   1.19126308116481     
         120         128   1.04487343599941     
          72         129   1.00143794146915     
          73         129  0.958279399687115     
          96         129   1.06136708857561     
         117         129  0.126656971603052     
          72         130   1.00670924322370     
         103         130   1.12242140207774     
         125         130   1.16255890369726     
          74         131   1.15031510476936     
          85         131   1.00528755097934     
          87         132  0.998498265691485     
          95         132   1.24938251603806     
         126         132  0.984693619819764     
          74         133   1.15158781379020     
          83         133  0.626699515447347     
         118         133   1.10571424884930     
         119         133  0.186114117601443     
          76         134  0.888120863152971     
          99         134   1.20818670756226     
          78         135  0.973170035227238     
          83         135   1.00417260329368     
         131         135   1.00241998619607     
         133         135  0.119805158595286     
          80         136  0.944725918243520     
         104         136  0.983604373380925     
         127         136   1.26408995978778     
          75         137  0.995703973837762     
          88         137   1.13921436011093     
          94         138  0.938310006385882     
          99         138   1.12113665955346     
         137         138   1.11983577369959     
          76         139  0.967142674755636     
         102         139   1.25991156655348     
         134         139   1.03800726675895     
          71         140   1.28339896042127     
          88         140  0.991322380707644     
         125         140  0.991549962905636     
          73         141  0.977835251767577     
         103         141  0.923518957870638     
         106         141   1.17170057584065     
         101         142   1.09876094635855     
         123         142   1.13046229671202     
         124         142  0.950357262830430     
