   -0.34767101
    0.02083366
   -0.02650763
    0.01502884
   -0.03520211
   -0.04295448
    0.09463276
   -0.18733340
   -0.04222785
   -0.03698023
   -0.03107965
   -0.00534334
   -0.10584540
    0.12973686
   -0.26900027
    0.05225304
   -0.05687509
    0.02245784
    0.01042724
   -0.03576062
   -0.03805682
    0.00754650
   -0.02218867
   -0.06238590
   -0.06248007
   -0.04079603
   -0.03550003
   -0.03205093
    0.13560830
    0.14197960
    0.01570433
    0.03673988
    0.05248052
    0.05774252
    0.05175445
    0.05067373
    0.04083679
    0.04143179
    0.17543952
    0.03485667
    0.03272112
    0.03342247
    0.03470751
    0.03264184
    0.03236842
    0.03856651
    0.03257264
    0.03688894
    0.02667538
    0.02751342
    0.07654719
   -0.22764725
    0.09182538
   -0.31395600
    0.08316489
   -0.27000593
    0.24126305
   -0.27213745
    0.15041789
   -0.10961910
    0.37322332
   -0.21239205
    0.02266531
   -0.22360404
    0.20927863
   -0.16291606
    0.31998563
   -0.08280558
    0.09414942
   -0.12759759
    0.08985671
   -0.30967599
    0.22679767
   -0.00425625
    0.32583868
   -0.35947495
    0.34003890
   -0.25376113
    0.32065254
   -0.36793498
    0.30121956
   -0.20483184
    0.19604069
   -0.16692792
    0.08218355
   -0.17391163
    0.11064491
   -0.14392378
    0.31187698
   -0.35436640
    0.18411503
   -0.13119639
    0.21032839
   -0.24831431
    0.16403964
   -0.20597596
    0.23013098
   -0.28537718
    0.03630530
   -0.18475583
    0.08496946
   -0.15538209
    0.21059734
    0.01562870
    0.30555768
   -0.11638699
    0.32018422
   -0.06063680
    0.23116144
   -0.18293695
    0.11242739
   -0.22478172
    0.25261600
   -0.23086282
    0.11455758
   -0.08583370
    0.20284778
   -0.23179249
    0.36928759
   -0.18041710
    0.10638709
   -0.25241978
