           1           2   1.01798577123641     
           2           3  0.980046536739744     
           3           4  0.988282970129187     
           4           5   1.41279819837955     
           5           6   1.43760871206797     
           6           7   1.40608618490268     
           7           8  0.967957004966519     
           5           9  0.106232422588063     
           7           9   1.39821194697867     
           4          10   1.40027423230178     
           6          10  0.109667722382300     
           9          10   1.45006401468881     
           3          11  0.984309005340915     
          11          12   1.57609643899041     
          12          13   1.20155371230275     
          13          14   1.18529636192137     
          14          15   1.33419932580109     
          15          16   1.44508469058589     
          16          17   1.40595267797635     
          15          18  0.110191123540168     
          17          18   1.43031055628065     
          18          19   1.02390659697634     
          19          20   1.39198591820089     
          20          21   1.44862462624507     
          19          22  0.101567095366132     
          21          22   1.39957572119242     
          22          23   1.02698081501842     
          23          24  0.951357735537274     
          23          25  0.950543929157975     
          24          25  0.991761766443826     
          20          26  0.108978200456962     
          22          26   1.39854944116511     
          19          27   1.39414077397545     
          21          27  0.108353555326372     
          26          27   1.44740564927839     
          11          28   1.19926029309176     
          14          28   1.24178465405595     
          18          28   1.29971402483225     
           1          29  0.967646436553101     
           1          30  0.966050161814581     
           2          31  0.972082988572193     
           2          32  0.972815302174126     
           3          33  0.952689953461358     
           5          34  0.964891722604298     
           6          35  0.968203273355465     
           9          36  0.968097906460698     
          10          37  0.968601605147231     
          12          38  0.969070500775995     
          13          39  0.940463895620354     
          16          40  0.964868936573272     
          17          41  0.969115417327547     
          20          42  0.970262068657428     
          21          43  0.966903022128389     
          23          44  0.971622672217398     
          24          45  0.981187462429882     
          24          46  0.978887417971323     
          25          47  0.981181768498233     
          25          48  0.979157540071648     
          26          49  0.969377943418357     
          27          50  0.970841983935136     
          58          59   1.15824498171508     
          61          62   1.18689090038952     
          59          63  0.293699053025237     
          57          64   1.03229653564997     
          60          65   1.11297663620917     
          64          67   1.23385495253324     
          66          69   1.20529162952246     
          68          70  0.982086911332568     
          58          71   1.27701943572694     
          61          72   1.12598767914585     
          57          73  0.963483642563093     
          70          74  0.972973889432799     
          72          75   1.06768725876791     
          56          77   1.19955143024793     
          64          78  0.928718639762699     
          73          78  0.990839288062468     
          77          80  0.980725968483289     
          54          81   1.01795649070801     
          76          81   1.20105058999923     
          78          83   1.16829551575666     
          65          84   1.03861523141703     
          71          85  0.978301836385943     
          84          85   1.26015090488935     
          66          86  0.998585934026573     
          73          86   1.15243503104706     
          69          87   1.00797460121054     
          55          88   1.24106029091381     
          62          89   1.08669222304543     
          66          89   1.12366023776552     
          57          90   1.17702903566725     
          75          90  0.989198988008493     
          89          90   1.10311075422415     
          55          91  0.989757880711114     
          88          91   1.09267461961183     
          67          92   1.06979096843623     
          74          92   1.01262776393743     
          80          93   1.22052386511994     
          82          93  0.997028277553862     
          85          93  0.958837368830194     
          77          94   1.04254103235792     
          88          94   1.03568658543330     
          71          95  0.932053406304296     
          91          96   1.17908408502917     
          51          97  0.969465790878159     
          52          97   1.14292071203410     
          76          97  0.925836498090939     
          53          98   1.27672387405208     
          87          98  0.963349677158356     
          59          99  0.639957922928334     
          63          99   1.28410014796220     
          87          99   1.00870808234823     
          61         100  0.961750287877496     
          72         100  0.791920633579541     
          59         101  0.932285822162616     
          69         101  0.926506100676859     
          62         102  0.966829192366919     
          95         102   1.07912509466658     
         101         102   1.26575316384450     
          51         103   1.00027117325248     
          96         103   1.07280798474782     
          60         104   1.04347153963358     
          96         104  0.959112374522127     
          70         105   1.13461301578533     
          79         106   1.03222591431068     
          92         106  0.974824620569851     
          80         107  0.992830103520244     
          94         107  0.985178841222061     
          82         108  0.989826239555329     
          95         108   1.19051399896488     
         100         108   1.04526616670527     
          52         109   1.00024300074730     
          53         109  0.958559407268529     
          76         109   1.06179918795740     
          97         109  0.127111994204903     
          52         110   1.00669101217382     
          83         110   1.12327749736420     
         105         110   1.16335834962820     
          54         111   1.14969024487260     
          65         111   1.00539015555647     
          67         112   1.00192686599406     
          75         112   1.24498980712635     
         106         112  0.983617508818191     
          54         113   1.15237627957864     
          63         113  0.626302267151194     
          98         113   1.10526064939258     
          99         113  0.186349150539782     
          56         114  0.888051163658416     
          79         114   1.21115513088498     
          58         115  0.972923930420773     
          63         115   1.00354546057054     
         111         115   1.00239242331849     
         113         115  0.119708082543528     
          60         116  0.944766014786859     
          84         116  0.983663395902903     
         107         116   1.26501405704943     
          55         117  0.995172351606171     
          68         117   1.14220658278414     
          74         118  0.937689199737757     
          79         118   1.12018560872770     
         117         118   1.11542659774346     
          56         119  0.967929661160716     
          82         119   1.26169324424143     
         114         119   1.03505899034900     
          51         120   1.28113313237921     
          68         120  0.989908680144491     
         105         120  0.994483462510798     
          53         121  0.977927321049482     
          83         121  0.922722789751494     
          86         121   1.17113382618245     
          81         122   1.09878793660390     
         103         122   1.13097912708413     
         104         122  0.950515677733338     
