   -0.45093710
   -0.24455847
   -0.26404050
   -0.13158789
   -0.18199461
   -0.43927792
    0.05812357
   -0.26609173
   -0.18442978
   -0.32536094
   -0.22000000
    0.09954910
   -0.15814584
    0.08289455
   -0.66482515
    0.20023701
   -0.20404505
   -0.22618139
   -0.08600018
   -0.20133389
   -0.22178492
   -0.24823946
    0.77035071
   -0.28626196
    0.42406029
   -0.23246228
   -0.24620677
   -0.25247635
   -0.32846787
   -0.20007768
   -0.24931099
    0.35269549
    0.61705024
    0.62394112
   -0.08149408
    0.59500677
    0.02013293
    0.43665795
   -0.00305788
    0.40748758
    0.29520877
    0.05158820
   -0.24836592
    0.03818448
    0.03494892
   -0.02574588
    0.62903866
    0.03743711
    0.59770151
   -0.00963018
    0.15732049
    0.09492156
    0.09602196
    0.12390217
    0.36846214
    0.15796623
    0.16499799
   -0.08336238
    0.31613411
    0.33592239
    0.07059724
    0.20283713
    0.09563164
    0.01421604
    0.14075829
    0.32273571
    0.17963458
    0.14286683
    0.09540856
    0.08924383
    0.06172113
    0.39327662
    0.20279991
    0.50859183
    0.33720122
    0.34111202
    0.32976474
    0.28243640
    0.33743200
    0.34416787
    0.22889217
    0.36208067
    0.43632547
    0.24248574
    0.33723873
    0.29693201
   -0.10088873
   -0.06178075
   -0.08996566
   -0.10005299
    0.06906632
   -0.14130229
   -0.13496925
   -0.10828539
   -0.27185856
    0.25934543
   -0.14279318
   -0.28356421
   -0.16668231
   -0.25529733
   -0.16837044
   -0.30753614
   -0.07712936
   -0.26600365
    1.03748590
   -0.17913539
   -0.16218580
   -0.19136355
   -0.32791672
   -0.28866882
   -0.37834016
   -0.39225598
   -0.35570689
   -0.39615194
   -0.49196337
   -0.41725857
   -0.32948943
   -0.41971629
   -0.51071536
   -0.45804233
   -0.43174777
   -0.57733638
