           1           2   1.02121453860743     
           2           3  0.975693178697161     
           3           4  0.995078897375283     
           4           5   1.41181668097461     
           5           6   1.43656017956516     
           6           7   1.40751568123528     
           7           8  0.965003797287548     
           5           9  0.106849190524274     
           7           9   1.39826415801952     
           4          10   1.39934437213857     
           6          10  0.109411489285876     
           9          10   1.44909137212467     
           3          11  0.989966394061258     
          11          12   1.57320537960320     
          12          13   1.20557715518634     
          13          14   1.18750761660334     
          14          15   1.33368771509214     
          15          16   1.44536376849048     
          16          17   1.41083847398940     
          15          18  0.111884847441250     
          17          18   1.42244032857686     
          18          19   1.02365072944636     
          19          20   1.39802046764435     
          20          21   1.43566034212111     
          21          22   1.38177385668784     
          22          23   1.02854536490184     
          23          24  0.986413349575669     
          24          25  0.956662520129834     
          25          26  0.958696628621066     
          25          27  0.959815300393475     
          25          28  0.947240411737415     
          20          29  0.113997510943465     
          22          29   1.36353372133919     
          19          30   1.39173083805384     
          21          30  0.104517886450020     
          29          30   1.45380825381437     
          11          31   1.19695151345683     
          14          31   1.23865921071744     
          18          31   1.30387772203922     
           1          32  0.963761987094985     
           1          33  0.965379758426733     
           2          34  0.971815564130208     
           2          35  0.973315863030222     
           3          36  0.942733960220968     
           5          37  0.964251156096192     
           6          38  0.967812570775018     
           9          39  0.968173391508882     
          10          40  0.968621035359443     
          12          41  0.968558230055305     
          13          42  0.939183823645224     
          16          43  0.963836996610337     
          17          44  0.968945964926527     
          20          45  0.971292770366522     
          21          46  0.965787247277750     
          24          47  0.958960734825904     
          24          48  0.960425266843092     
          29          49  0.966159265643686     
          30          50  0.967302497019040     
          58          59   1.15776992479438     
          61          62   1.18710794952152     
          59          63  0.293923922396438     
          57          64   1.03379197648865     
          60          65   1.11267562378418     
          64          67   1.23379087790645     
          66          69   1.20590565296285     
          68          70  0.982602211712565     
          58          71   1.27741825210449     
          61          72   1.12641247209997     
          57          73  0.963329862909368     
          70          74  0.973474941686352     
          72          75   1.06675028992969     
          56          77   1.19968618299033     
          64          78  0.929226538537310     
          73          78  0.991760275194861     
          77          80  0.980859705832239     
          54          81   1.01769658927420     
          76          81   1.20202243792019     
          78          83   1.16926246401801     
          65          84   1.03856119031133     
          71          85  0.978320724980302     
          84          85   1.26002088083206     
          66          86  0.998646826431494     
          73          86   1.15155741694102     
          69          87   1.00807279239605     
          55          88   1.24064498837056     
          62          89   1.08607771536520     
          66          89   1.12342000287057     
          57          90   1.17603718144072     
          75          90  0.989219573876003     
          89          90   1.10399176396013     
          55          91  0.989623061364643     
          88          91   1.09224056055972     
          67          92   1.07180317357001     
          74          92   1.01319836779050     
          80          93   1.21974695409742     
          82          93  0.997445973255783     
          85          93  0.958771689447899     
          77          94   1.04231840928466     
          88          94   1.03515067353517     
          71          95  0.932154960762371     
          91          96   1.17984194542314     
          51          97  0.969414836539711     
          52          97   1.14305318446242     
          76          97  0.925279240280106     
          53          98   1.27630663447174     
          87          98  0.963243255491008     
          59          99  0.640315779196484     
          63          99   1.28416061791785     
          87          99   1.00873785303888     
          61         100  0.961341285512215     
          72         100  0.792067372537382     
          59         101  0.932351678063471     
          69         101  0.926381893630043     
          62         102  0.966854501640937     
          95         102   1.07932707177855     
         101         102   1.26549620611035     
          51         103   1.00033303209569     
          96         103   1.07172392833720     
          60         104   1.04337224191747     
          96         104  0.959076019304552     
          70         105   1.13576121338950     
          79         106   1.03370916270971     
          92         106  0.975213301052500     
          80         107  0.992814371496373     
          94         107  0.984738635534406     
          82         108  0.989742400125765     
          95         108   1.19019290480702     
         100         108   1.04507729656496     
          52         109   1.00113916908292     
          53         109  0.958235415253907     
          76         109   1.06141881296018     
          97         109  0.127285622019231     
          52         110   1.00698466976524     
          83         110   1.12291768145492     
         105         110   1.16352079436555     
          54         111   1.15027278436516     
          65         111   1.00531158202341     
          67         112   1.00060668460255     
          75         112   1.24637268567724     
         106         112  0.983745517544306     
          54         113   1.15199000876668     
          63         113  0.626278030654350     
          98         113   1.10557487605081     
          99         113  0.186086522208063     
          56         114  0.887736119805076     
          79         114   1.21007135395431     
          58         115  0.972982766120168     
          63         115   1.00369630152630     
         111         115   1.00244909074393     
         113         115  0.119868954691414     
          60         116  0.944664762556475     
          84         116  0.983542876963362     
         107         116   1.26545752486317     
          55         117  0.995750763982770     
          68         117   1.14343292463289     
          74         118  0.937546868405209     
          79         118   1.12071536925193     
         117         118   1.11549106668218     
          56         119  0.967097610044731     
          82         119   1.26188543906915     
         114         119   1.03557075776719     
          51         120   1.28233075428632     
          68         120  0.990046093480328     
         105         120  0.993633925777658     
          53         121  0.977667544726456     
          83         121  0.922906567967589     
          86         121   1.17154892548916     
          81         122   1.09833644134412     
         103         122   1.13127477986482     
         104         122  0.950494267976332     
