   -0.04821779
   -0.10502810
   -0.04303375
    0.25943549
   -0.44070775
    0.01253877
   -0.07713881
   -0.03824542
    0.06807517
   -0.28621122
    0.23015516
   -0.14686065
    0.14899266
   -0.06296050
   -0.04210541
    0.04876953
   -0.14497514
    0.00470768
    0.00428782
   -0.25909724
    0.00321746
    0.00162399
    0.03162833
   -0.26595630
   -0.31127339
    0.14757268
   -0.03774204
    0.03759308
   -0.06242951
   -0.06243436
   -0.05683541
   -0.06254706
    0.05218092
    0.05849363
    0.05541901
    0.04876505
    0.04750882
    0.08101829
    0.03079822
    0.04068840
    0.20691957
    0.06008190
    0.02903785
    0.04035547
    0.01749666
    0.03686214
    0.04656924
    0.13874539
    0.03782654
    0.04697573
    0.01731923
    0.04481158
    0.03691689
    0.06144311
    0.04810226
    0.04315399
    0.03638782
    0.04834363
    0.03409502
    0.03467256
    0.02646917
    0.04748636
    0.07587161
   -0.22807997
    0.09170746
   -0.31437963
    0.08373499
   -0.26995648
    0.24115687
   -0.27256009
    0.15013807
   -0.11011440
    0.37283587
   -0.21256943
    0.02181793
   -0.22213628
    0.20896903
   -0.16309702
    0.31955418
   -0.08128012
    0.09369438
   -0.12570537
    0.08978663
   -0.30875059
    0.22625625
   -0.00057763
    0.32558661
   -0.36006019
    0.33967364
   -0.25384216
    0.31977032
   -0.36829213
    0.30108120
   -0.20484639
    0.19531367
   -0.16727856
    0.08199808
   -0.17414664
    0.11033211
   -0.14422913
    0.31170830
   -0.35421884
    0.18369881
   -0.12772395
    0.21004144
   -0.24873232
    0.16380468
   -0.20631785
    0.22956046
   -0.28582331
    0.03554295
   -0.18491759
    0.08454924
   -0.15563766
    0.21062076
    0.01496558
    0.30493736
   -0.11430084
    0.31986579
   -0.06071464
    0.23081166
   -0.18286582
    0.11209069
   -0.22364575
    0.25247794
   -0.22957463
    0.11411072
   -0.08603265
    0.20227039
   -0.22986085
    0.36902910
   -0.17993761
    0.10588587
   -0.25278654
