           1           2   1.00277475708318     
           2           3   1.00067397050249     
           2           4   1.20342205139182     
           2           5  0.199170430056547     
           4           5   1.64517656170612     
           4           6   1.01992185613766     
           6           7   1.53198757613184     
           7           8   1.22919239813410     
           8           9   1.34134802849793     
           9          10   1.46293601911515     
          10          11   1.29794296798057     
          11          12   1.16325972705019     
          12          13   1.11462691406050     
          13          14   1.34606446906280     
          14          15   1.45905651707570     
          15          16   1.35113021431560     
          16          17   1.09851846947341     
          17          18  0.993015315246618     
          18          19  0.991329075943165     
          19          20   1.01454172371484     
          20          21   1.01444005507285     
          17          22  0.979826230576095     
          21          22  0.992331819989818     
          14          23  0.112013559579232     
          16          23   1.35512940000541     
          13          24   1.34505917808726     
          23          24   1.43419734365245     
          11          25   1.34453044044414     
           8          26   1.21909718899888     
          25          26   1.33276826474814     
           6          27   1.15693601008538     
          26          27   1.19252798928434     
          27          28  0.973858075746464     
          28          29  0.978855678234722     
          29          30   1.00696711645908     
          30          31   1.00836781625698     
          28          32  0.981284654378966     
          31          32   1.00684882402965     
           1          33  0.976904482536462     
           1          34  0.978709695487738     
           1          35  0.976623492604648     
           3          36  0.978943346846894     
           3          37  0.975542992775959     
           3          38  0.976606140654895     
           7          39  0.972379045892964     
           9          40  0.963661173260350     
          12          41  0.923695759650484     
          14          42  0.962863460776726     
          15          43  0.967409031942333     
          18          44  0.972133137352628     
          18          45  0.967692883884595     
          19          46  0.974117578467327     
          19          47  0.974165987841163     
          20          48  0.957322955190355     
          21          49  0.973826946999697     
          21          50  0.974064450302916     
          22          51  0.970171718164602     
          22          52  0.969610512676962     
          23          53  0.961359560723654     
          28          54  0.965364862349650     
          29          55  0.977593270884830     
          29          56  0.980255926032720     
          30          57  0.979054708351331     
          30          58  0.977741666866020     
          31          59  0.979265814099784     
          31          60  0.978715346176872     
          32          61  0.980712240535124     
          32          62  0.976078967889977     
          70          71   1.15798152021663     
          73          74   1.18639842086535     
          71          75  0.293706351678972     
          69          76   1.03389929251389     
          72          77   1.11284940284199     
          76          79   1.23221279388537     
          78          81   1.20592807732153     
          80          82  0.982659163722743     
          70          83   1.27684979130147     
          73          84   1.12722235707551     
          69          85  0.963086983487215     
          82          86  0.973411140873067     
          84          87   1.06651062144023     
          68          89   1.20076530415672     
          76          90  0.928995494165814     
          85          90  0.991555621743617     
          89          92  0.980356550479846     
          66          93   1.01773850586740     
          88          93   1.20126579816487     
          90          95   1.16873543931746     
          77          96   1.03871279845809     
          83          97  0.978263613128213     
          96          97   1.25985988356794     
          78          98  0.998613986657159     
          85          98   1.15160227164432     
          81          99   1.00813420625660     
          67         100   1.24058830405071     
          74         101   1.08621244234183     
          78         101   1.12298499160994     
          69         102   1.17620772114535     
          87         102  0.988639776363060     
         101         102   1.10437598735861     
          67         103  0.989705563789668     
         100         103   1.09299833158370     
          79         104   1.07350148971134     
          86         104   1.01337081976154     
          92         105   1.22025068567516     
          94         105  0.997593256950200     
          97         105  0.958922005865796     
          89         106   1.04206877333351     
         100         106   1.03525978168235     
          83         107  0.932230862758746     
         103         108   1.17891223219425     
          63         109  0.969783425532267     
          64         109   1.14238457453518     
          88         109  0.925310622768863     
          65         110   1.27633717069585     
          99         110  0.963270107338444     
          71         111  0.640300679526888     
          75         111   1.28457906091467     
          99         111   1.00876395389967     
          73         112  0.961480329007943     
          84         112  0.792377809807220     
          71         113  0.932323719268432     
          81         113  0.926389215765232     
          74         114  0.966945955878678     
         107         114   1.07882196733928     
         113         114   1.26591370866167     
          63         115   1.00021222089641     
         108         115   1.07250400522149     
          72         116   1.04333462958113     
         108         116  0.958915384489648     
          82         117   1.13710294315961     
          91         118   1.03372767662503     
         104         118  0.975394001854895     
          92         119  0.993024134972809     
         106         119  0.985551745964743     
          94         120  0.989856719940711     
         107         120   1.19105510703567     
         112         120   1.04501420396482     
          64         121   1.00104183768654     
          65         121  0.958401475464993     
          88         121   1.06162405012585     
         109         121  0.126912972813252     
          64         122   1.00671775347903     
          95         122   1.12313046110174     
         117         122   1.16272202302791     
          66         123   1.15001561853144     
          77         123   1.00533787985469     
          79         124   1.00057147194658     
          87         124   1.24707136459897     
         118         124  0.984196844433944     
          66         125   1.15199114691052     
          75         125  0.626605439086294     
         110         125   1.10535646538330     
         111         125  0.186252488338591     
          68         126  0.888018226517909     
          91         126   1.21003300941087     
          70         127  0.973072851888923     
          75         127   1.00391378970679     
         123         127   1.00240063965423     
         125         127  0.119756899360782     
          72         128  0.944726843981540     
          96         128  0.983631467084618     
         119         128   1.26450303944209     
          67         129  0.995522583335377     
          80         129   1.14104940192949     
          86         130  0.937960178248840     
          91         130   1.12094807857887     
         129         130   1.11744712450154     
          68         131  0.967542567475884     
          94         131   1.26076087829219     
         126         131   1.03666513280733     
          63         132   1.28244465985321     
          80         132  0.990744109297113     
         117         132  0.993152457013714     
          65         133  0.977915004274045     
          95         133  0.923211908477412     
          98         133   1.17140661386901     
          93         134   1.09887133845907     
         115         134   1.13067520967496     
         116         134  0.950425518664418     
