    0.03908726
   -0.32236096
    0.06382406
    0.07230617
   -0.33313648
    0.11403079
   -0.07495074
   -0.01971348
   -0.07380482
   -0.06338892
   -0.02508972
   -0.10818106
    0.12300654
   -0.45843453
    0.20550992
   -0.34075254
    0.24416065
   -0.39840390
   -0.08836891
    0.00523947
   -0.06264500
   -0.05970938
   -0.06271266
    0.02058081
    0.35667856
   -0.39452557
   -0.27635330
    0.10612112
    0.13641852
   -0.12463702
   -0.33923519
    0.04086535
   -0.06817721
   -0.06499038
   -0.06545539
   -0.03988506
   -0.04037360
   -0.03931533
   -0.03604383
   -0.05553027
    0.00701438
   -0.10556945
   -0.07243418
   -0.00742438
   -0.10677103
   -0.06461439
    0.09569317
   -0.30095059
    0.03961567
    0.22585489
   -0.33782315
   -0.13862942
   -0.08027477
    0.02727967
    0.05541858
    0.03333413
    0.06277181
    0.04465312
    0.05562711
    0.02138966
    0.03684853
    0.02641726
    0.05015217
    0.02748229
    0.07542833
    0.02568725
    0.03543859
    0.03565280
    0.05391090
    0.03284654
    0.03939792
    0.03784387
    0.30144241
    0.05984833
    0.04865976
    0.05725584
    0.04325639
    0.04898763
    0.04107963
    0.05326880
    0.05276552
    0.08786213
    0.04959076
    0.07589632
    0.07188276
    0.04287660
    0.03653015
    0.05190857
    0.04166920
    0.03146236
    0.03833919
    0.03317122
    0.04068845
    0.04625935
    0.06729449
    0.04049731
    0.03843479
    0.02223135
    0.02464864
    0.03477240
    0.04632013
    0.04309579
    0.03983301
    0.03811848
    0.04456266
    0.03216100
    0.06112565
    0.03442168
    0.03170846
    0.03592288
    0.04303317
    0.03233615
    0.06195513
    0.02956158
    0.02974062
    0.07746524
    0.07932413
    0.05813250
    0.08058529
    0.09312013
    0.07669579
   -0.22708620
    0.09198853
   -0.31402453
    0.08289768
   -0.27078074
    0.24147266
   -0.27233833
    0.15018686
   -0.11002357
    0.37304908
   -0.21233669
    0.02213517
   -0.22164158
    0.20910370
   -0.16283858
    0.31980059
   -0.08170814
    0.09382947
   -0.12593626
    0.08967695
   -0.30888782
    0.22664781
   -0.00311977
    0.32561358
   -0.35943011
    0.33954111
   -0.25285943
    0.31917330
   -0.36837063
    0.30099437
   -0.20484309
    0.19578809
   -0.16719701
    0.08198413
   -0.17382838
    0.11049424
   -0.14446296
    0.31169076
   -0.35389614
    0.18389953
   -0.12874877
    0.21018162
   -0.24900265
    0.16385209
   -0.20611890
    0.23033662
   -0.28552239
    0.03585508
   -0.18498475
    0.08472821
   -0.15551477
    0.21085626
    0.01521247
    0.30555055
   -0.11572600
    0.31988655
   -0.06077012
    0.23104878
   -0.18211210
    0.11213368
   -0.22365214
    0.25252931
   -0.23045281
    0.11415505
   -0.08603338
    0.20152405
   -0.23179206
    0.36922715
   -0.17946633
    0.10624193
   -0.25250092
