           1           2  0.996399263808446     
           2           3  0.979877281518201     
           3           4  0.986402561313392     
           4           5  0.987323373389702     
           5           6  0.955486595006813     
           6           7  0.985327287513509     
           7           8  0.985190168252532     
           8           9   1.00204133223843     
           9          10   1.00289124332177     
          10          11  0.991229287284239     
          11          12   1.00984322396117     
          11          13  0.935778510236431     
          13          14  0.963734326873874     
          13          15  0.928528374961657     
          15          16   1.87641211260719     
          15          17  0.913778065232924     
          17          18   1.68836198492777     
          17          19   1.22632303495621     
          18          19  0.210916413866465     
          19          20  0.979535930031754     
          20          21   1.00818561568233     
          21          22   1.00576921729528     
          22          23   1.00438522400174     
          19          24  0.961581964807337     
          23          24  0.985435629954092     
          24          25  0.928753498129506     
          25          26   1.77021193920450     
          25          27   1.11692205657008     
          26          27  0.156522138733940     
          27          28  0.913170212797317     
          28          29  0.936913018104152     
          29          30  0.994595247728460     
          29          31  0.951367643835075     
          31          32  0.983926163071121     
          29          33  0.976187165449000     
           8          34  0.981627825603603     
          33          34  0.996682315341515     
          28          35  0.981175082889720     
          35          36   1.02335293970305     
          36          37   1.80498461316158     
          37          38   1.14991088282733     
          36          39  0.118332818102949     
          38          39   1.71708839691806     
          39          40   1.15400830255468     
          38          41  0.113006117138702     
          40          41   1.75917432199212     
          41          42   1.03027795427156     
          41          43   1.00862271482202     
          43          44  0.978252252233177     
          44          45   1.00951703974393     
          44          46  0.994205074265943     
          46          47  0.966867266544302     
          47          48  0.981425060902116     
          48          49  0.994458581766497     
          47          50  0.956573937355244     
          50          51   1.87824691109165     
          50          52   1.00912307145702     
           6          53  0.989070450527181     
          13          53  0.987975004160518     
           1          54  0.978552780414697     
           1          55  0.980588821066297     
           1          56  0.978125244493556     
           3          57  0.969086870797924     
           3          58  0.965348489869922     
           4          59  0.969189704767226     
           4          60  0.966565491246877     
           6          61  0.957596570998902     
           7          62  0.978064684859428     
           7          63  0.966740314517058     
           8          64  0.974839673814520     
           9          65  0.956250359116905     
           9          66  0.973682153750245     
          10          67  0.969958070281267     
          10          68  0.973868571948748     
          11          69  0.965022412758688     
          12          70  0.979726469865416     
          12          71  0.983421963543486     
          12          72  0.985031617911890     
          14          73  0.883104543211638     
          20          74  0.963996772683917     
          20          75  0.964860934340619     
          21          76  0.973386280060603     
          21          77  0.974720079357503     
          22          78  0.979252720612181     
          22          79  0.979175776988457     
          23          80  0.975485250709657     
          23          81  0.973595607791290     
          24          82  0.955026595244573     
          28          83  0.956977804419807     
          30          84  0.976435957069239     
          30          85  0.963789113946845     
          30          86  0.979791191808516     
          32          87  0.970209310410675     
          32          88  0.973914524727742     
          32          89  0.970756426175906     
          33          90  0.971057342761691     
          33          91  0.974096247830422     
          34          92  0.979943414616977     
          34          93  0.976235374681493     
          35          94  0.962256131346121     
          35          95  0.957086635023505     
          36          96  0.968578241264038     
          37          97  0.959632195238782     
          38          98  0.961980053149627     
          39          99  0.961704614723765     
          40         100  0.956594322264933     
          42         101  0.967344094489570     
          42         102  0.969896221194687     
          42         103  0.979808614104954     
          43         104  0.976433099221509     
          43         105  0.961912772511254     
          44         106  0.965953985030128     
          45         107  0.981853493963539     
          45         108  0.986865811411682     
          45         109  0.985155730190815     
          46         110  0.972069384351092     
          46         111  0.970344736230009     
          47         112  0.943385717774742     
          49         113  0.979082217071207     
          49         114  0.977903657156706     
          49         115  0.977787877065769     
          52         116  0.979420010875201     
          52         117  0.952610061791738     
          52         118  0.970107775653794     
          53         119  0.951919756771154     
          53         120  0.959629702167627     
         128         129   1.15788142399131     
         131         132   1.18671246337708     
         129         133  0.293807698988223     
         127         134   1.03353880244028     
         130         135   1.11281387196885     
         134         137   1.23337437433833     
         136         139   1.20593403089182     
         138         140  0.982574300471841     
         128         141   1.27712074534489     
         131         142   1.12678873709675     
         127         143  0.963286071418050     
         140         144  0.973370305273311     
         142         145   1.06685901534781     
         126         147   1.20012230374438     
         134         148  0.929107921132608     
         143         148  0.991518089426889     
         147         150  0.980657075655531     
         124         151   1.01771127518398     
         146         151   1.20167981942805     
         148         153   1.16898423043228     
         135         154   1.03862723883070     
         141         155  0.978299459096397     
         154         155   1.25997036949066     
         136         156  0.998636398697281     
         143         156   1.15165671242666     
         139         157   1.00812054771523     
         125         158   1.24067024466962     
         132         159   1.08625689877065     
         136         159   1.12320233232664     
         127         160   1.17632690498463     
         145         160  0.988986284263345     
         159         160   1.10414267089005     
         125         161  0.989641767126510     
         158         161   1.09262103523034     
         137         162   1.07187977622384     
         144         162   1.01319424508388     
         150         163   1.22001266063455     
         152         163  0.997534007697075     
         155         163  0.958848958808940     
         147         164   1.04226090447215     
         158         164   1.03521699484836     
         141         165  0.932206606600401     
         161         166   1.17946733428273     
         121         167  0.969493996664651     
         122         167   1.14275731716573     
         146         167  0.925370891039367     
         123         168   1.27640475845712     
         157         168  0.963271859260049     
         129         169  0.640287833235393     
         133         169   1.28439198337517     
         157         169   1.00875080648459     
         131         170  0.961467337093081     
         142         170  0.792279597259401     
         129         171  0.932350842572592     
         139         171  0.926386294483603     
         132         172  0.966928743156266     
         165         172   1.07908132013054     
         171         172   1.26577286797088     
         121         173   1.00025118699303     
         166         173   1.07216060069025     
         130         174   1.04335321325163     
         166         174  0.959018247114232     
         140         175   1.13559913965834     
         149         176   1.03372299530004     
         162         176  0.975255750006099     
         150         177  0.992917852618393     
         164         177  0.985146814013977     
         152         178  0.989807519058940     
         165         178   1.19067166455189     
         170         178   1.04503576064823     
         122         179   1.00108442960072     
         123         179  0.958279142398507     
         146         179   1.06155364844845     
         167         179  0.127189049096743     
         122         180   1.00689226885403     
         153         180   1.12312049370825     
         175         180   1.16334785330392     
         124         181   1.15017338832397     
         135         181   1.00532698697081     
         137         182   1.00096022214478     
         145         182   1.24644291061557     
         176         182  0.983911469903024     
         124         183   1.15202486623510     
         133         183  0.626446627958609     
         168         183   1.10543089316003     
         169         183  0.186179704249518     
         126         184  0.887856479556473     
         149         184   1.21037170699272     
         128         185  0.973052772560311     
         133         185   1.00381372662377     
         181         185   1.00241387916123     
         183         185  0.119827855670901     
         130         186  0.944685509942076     
         154         186  0.983585933713884     
         177         186   1.26502710030230     
         125         187  0.995580276403049     
         138         187   1.14266242487926     
         144         188  0.937686640643782     
         149         188   1.12072511385300     
         187         188   1.11616979861262     
         126         189  0.967415786908365     
         152         189   1.26143895220028     
         184         189   1.03591679483610     
         121         190   1.28210497934588     
         138         190  0.990242195675503     
         175         190  0.993876488911007     
         123         191  0.977756629143416     
         153         191  0.922987960275399     
         156         191   1.17154955710778     
         151         192   1.09862662160029     
         173         192   1.13099839735484     
         174         192  0.950471945133403     
