   -0.10561111
    0.00121955
   -0.11540389
   -0.05140459
   -0.43485639
   -0.15437751
    0.24575292
   -0.33882080
   -0.23148758
    0.09805129
    0.28139351
   -0.04891572
   -0.34737864
   -0.03448365
   -0.28863291
   -0.10221291
    1.03100082
   -0.16282025
    0.03282252
   -0.14759974
   -0.06218857
    0.01369643
   -0.12406013
   -0.18259543
   -0.20710219
   -0.22974253
    0.02159701
    0.03794039
   -0.01206685
    0.01475456
    0.01716702
    0.04461291
    0.52371716
    0.17423765
    0.14465874
    0.24237571
    0.45104084
    0.56430816
    0.03505242
    0.00536367
    0.02192938
    0.02746344
   -0.06668185
    0.03717314
    0.06436653
   -0.01812575
    0.22834390
    0.49482634
    0.04843657
    0.08825507
    0.10367156
    0.12802728
    0.10669297
    0.15854422
    0.21246394
    0.19083064
    0.13040062
   -0.07552786
   -0.57541002
    0.13079456
    0.14996282
    0.10616078
    0.07550324
    0.09441414
    0.10253209
    0.05709438
    0.08245362
    0.38242476
    0.12030192
    0.03272830
    0.03825133
    0.17465095
    0.26873640
    0.29086222
    0.29368679
    0.28460542
    0.29056108
    0.16276718
    0.20914417
    0.25050804
    0.34299983
    0.28579683
    0.27960452
    0.02494193
    0.11517538
   -0.12218696
   -0.08487619
   -0.05371205
   -0.12461839
    0.00416855
   -0.40134798
   -0.21206238
   -0.10263255
   -0.04820866
    1.24981675
   -0.19263161
   -0.18701210
   -0.18764063
   -0.19366348
   -0.09968344
   -0.10079172
   -0.12480675
   -0.08114288
   -0.15806720
   -0.13770697
   -0.17779026
   -0.27436900
   -0.31639506
   -0.55818708
   -0.34393125
   -0.35045080
   -0.39700399
   -0.40318235
   -0.16176357
    0.32437222
   -0.51307584
   -0.48038243
   -0.56888379
   -0.70533216
   -0.02895556
   -0.23720717
