           1           2  0.963365808762478     
           2           3  0.975995205908085     
           2           4  0.998910271621772     
           4           5   2.86154868612511     
           2           6  0.960830879414880     
           6           7   1.39938880914615     
           7           8   1.45675822228468     
           8           9   1.36533664234566     
           9          10   1.36466756520814     
           6          11   1.40218286779587     
           8          11  0.109472997464359     
          10          11   1.44305167377257     
           9          12   1.07519727921017     
          12          13   1.19131032367993     
          13          14   1.53269020763877     
          14          15   1.12894479173028     
          15          16   1.10206068197904     
          15          17  0.112127078093768     
          16          17   1.61243447349962     
          16          18   1.17136918820105     
          17          18  0.163754763382540     
          18          19  0.983684348386385     
          19          20   1.00332051900945     
          20          21   1.00658246160840     
          18          22  0.964819054184632     
          21          22  0.993558066304971     
          22          23   1.00682121401038     
          13          24  0.130735549233787     
          14          24   1.14994795274832     
          12          25   1.51377271304373     
          24          25   1.16861344076119     
          25          26   1.04215270647082     
           1          27  0.984112644320174     
           1          28  0.982758440162981     
           1          29  0.984818716655751     
           3          30  0.985714327348480     
           3          31  0.980453492007085     
           3          32  0.984552092666418     
           7          33  0.966126680406992     
           8          34  0.965784769807481     
          11          35  0.962720819777287     
          15          36  0.920229084983774     
          19          37  0.968893468008660     
          19          38  0.971418102504288     
          20          39  0.978632133628873     
          20          40  0.976858792263680     
          21          41  0.976397088202402     
          21          42  0.978308473661686     
          22          43  0.960081818807406     
          23          44  0.983308272653188     
          23          45  0.985138158777479     
          23          46  0.981450647696331     
          26          47  0.962096389827724     
          26          48  0.982432740432575     
          26          49  0.962120267484203     
          57          58   1.15818399033806     
          60          61   1.18687095254892     
          58          62  0.293696656109447     
          56          63   1.03331764104545     
          59          64   1.11311315403021     
          63          66   1.23285245370113     
          65          68   1.20535379820555     
          67          69  0.982428101921254     
          57          70   1.27690803631356     
          60          71   1.12624097174409     
          56          72  0.963097807829996     
          69          73  0.973301317385003     
          71          74   1.06706963373859     
          55          76   1.19994319812147     
          63          77  0.928669876701687     
          72          77  0.991278691671717     
          76          79  0.980497729181145     
          53          80   1.01778158282743     
          75          80   1.20095636250662     
          77          82   1.16781843683654     
          64          83   1.03854830035459     
          70          84  0.978285133301452     
          83          84   1.26017453680380     
          65          85  0.998550328893163     
          72          85   1.15233306019438     
          68          86   1.00801786035116     
          54          87   1.24088098801171     
          61          88   1.08638996169001     
          65          88   1.12353707427902     
          56          89   1.17650573212679     
          74          89  0.989006090117406     
          88          89   1.10348659867358     
          54          90  0.989741068329650     
          87          90   1.09291438330292     
          66          91   1.07243394465148     
          73          91   1.01295457380238     
          79          92   1.22073309034631     
          81          92  0.996993454358627     
          84          92  0.958883222670085     
          76          93   1.04251322175624     
          87          93   1.03556517521421     
          70          94  0.932065914804227     
          90          95   1.17888846520313     
          50          96  0.969591435653584     
          51          96   1.14254050316996     
          75          96  0.925653851332690     
          52          97   1.27649690963073     
          86          97  0.963364756389682     
          58          98  0.640106110084499     
          62          98   1.28429391788840     
          86          98   1.00882110513816     
          60          99  0.961679172077015     
          71          99  0.791844238418143     
          58         100  0.932272237932507     
          68         100  0.926598191775668     
          61         101  0.966791248445014     
          94         101   1.07903830277471     
         100         101   1.26569164463644     
          50         102   1.00019412619831     
          95         102   1.07288551329718     
          59         103   1.04343789460429     
          95         103  0.959034323860273     
          69         104   1.13621901968692     
          78         105   1.03217525688267     
          91         105  0.975111655747270     
          79         106  0.992818410850408     
          93         106  0.985479339742279     
          81         107  0.989846208873940     
          94         107   1.19066048063581     
          99         107   1.04527342248219     
          51         108   1.00053678750850     
          52         108  0.958402488051216     
          75         108   1.06184367859985     
          96         108  0.126949715940143     
          51         109   1.00664640759196     
          82         109   1.12372297712052     
         104         109   1.16268662239857     
          53         110   1.14970146556285     
          64         110   1.00538330377969     
          66         111   1.00090288434127     
          74         111   1.24610493251162     
         105         111  0.983852828340723     
          53         112   1.15240828755327     
          62         112  0.626307953943771     
          97         112   1.10526573945872     
          98         112  0.186357075216109     
          55         113  0.888167675419956     
          78         113   1.21091121995492     
          57         114  0.972969380911745     
          62         114   1.00362024612293     
         110         114   1.00237202240309     
         112         114  0.119664336770837     
          59         115  0.944761412164181     
          83         115  0.983713450342374     
         106         115   1.26469530386582     
          54         116  0.995323973782500     
          67         116   1.14137638794394     
          73         117  0.937999738413548     
          78         117   1.12099299552256     
         116         117   1.11646619128217     
          55         118  0.967987040406954     
          81         118   1.26130098802627     
         113         118   1.03569357880766     
          50         119   1.28170991996441     
          67         119  0.990408432822985     
         104         119  0.993800657882196     
          52         120  0.977916988248839     
          82         120  0.922959261984404     
          85         120   1.17091197927603     
          80         121   1.09900954874521     
         102         121   1.13067289899524     
         103         121  0.950478181091369     
