   -0.14634479
    0.35876167
   -0.40242928
   -0.25001845
    0.10200780
    0.22512693
   -0.34163318
   -0.00274115
   -0.12051212
    0.11199538
   -0.44503694
   -0.08090678
    0.10584052
   -0.32180004
    0.07029366
    0.12252456
   -0.29403205
    0.36131442
   -0.14212613
   -0.39554221
   -0.04394736
    0.08147346
   -0.27634690
    0.35680581
   -0.42958276
   -0.01433440
   -0.01905312
   -0.02630283
   -0.01970706
   -0.02525949
   -0.01787169
    0.12988578
   -0.47364214
   -0.07062449
    0.11405111
   -0.25835975
    0.34288952
   -0.40826828
    0.08187130
   -0.44324754
    0.04142661
   -0.18451765
    0.27007159
   -0.44234843
   -0.01588343
   -0.03308097
   -0.02775854
   -0.02442418
   -0.02734933
   -0.01699475
   -0.00074901
   -0.03625535
   -0.02937035
   -0.02893605
   -0.02850366
   -0.03522430
   -0.00738316
   -0.11605927
   -0.02164367
    0.02109459
   -0.10808122
   -0.10773484
    0.08306589
    0.07896510
    0.07935212
    0.08461359
    0.06234791
    0.04329069
    0.07079501
    0.06340695
    0.30288417
    0.04933548
    0.06245470
    0.05467461
    0.06226236
    0.06207601
    0.07314470
    0.08851901
    0.07922896
    0.09024775
    0.07864409
    0.06079679
    0.04555058
    0.04425007
    0.04564331
    0.05722926
    0.31629556
    0.04988446
    0.07201663
    0.06615812
    0.07206873
    0.31025156
    0.07289511
    0.18137888
    0.03461181
    0.03758900
    0.03860408
    0.04046900
    0.05800858
    0.05530718
    0.03772251
    0.03599987
    0.03834780
    0.03626321
    0.06830046
    0.04800066
    0.07101720
    0.06110967
    0.05830393
    0.02933788
    0.05000702
    0.06144971
    0.04082028
    0.07548623
   -0.22810881
    0.09153668
   -0.31455483
    0.08437423
   -0.26913719
    0.24029745
   -0.27274161
    0.15000151
   -0.11035813
    0.37261131
   -0.21276873
    0.02146873
   -0.22237375
    0.20878097
   -0.16328988
    0.31852252
   -0.08084473
    0.09351404
   -0.12500429
    0.08977826
   -0.30900642
    0.22567482
    0.00281883
    0.32522720
   -0.36027853
    0.33969378
   -0.25403892
    0.32038474
   -0.36833779
    0.30099017
   -0.20485370
    0.19502112
   -0.16739496
    0.08192639
   -0.17425523
    0.11012424
   -0.14439519
    0.31161638
   -0.35442547
    0.18321038
   -0.12726361
    0.20987469
   -0.24883354
    0.16375066
   -0.20661351
    0.22935526
   -0.28598086
    0.03515739
   -0.18492241
    0.08433410
   -0.15576997
    0.21051161
    0.01457949
    0.30443049
   -0.11440559
    0.31969426
   -0.06067023
    0.23061861
   -0.18255446
    0.11193696
   -0.22425508
    0.25239456
   -0.22864027
    0.11393701
   -0.08609557
    0.20290108
   -0.22637676
    0.36869625
   -0.17982404
    0.10563598
   -0.25295794
