           1           2  0.986011004680455     
           2           3   1.53578610153919     
           2           4   1.05334107849303     
           3           4  0.137965041000116     
           4           5  0.833819782559427     
           5           6  0.820484091443748     
           6           7   1.12197962513722     
           6           8  0.183591548585704     
           8           9  0.742625500501950     
           8          10  0.728520933645327     
          10          11  0.928716061577448     
          10          12  0.934221638205711     
          12          13  0.995170211577545     
          13          14  0.968229504596634     
          13          15  0.139509086411575     
          14          15  0.952301866688478     
          15          16  0.122065051503958     
          16          17  0.125000314456318     
          13          18  0.112157013572600     
          17          18  0.746475751378453     
          18          19  0.966278370529968     
          18          20   1.39195751336606     
           8          21  0.358958728169551     
          21          22  0.336284680509774     
          22          23  0.668356382483829     
          23          24  0.519331407500774     
          24          25  0.795957114815143     
          24          26  0.873668741834059     
          26          27   1.14604471340352     
          27          28   1.48437341875385     
          28          29   1.32466689798496     
          29          30   1.44859746315298     
          26          31   1.13911572967317     
          30          31   1.20821143516900     
          22          32  0.819936341394111     
          32          33  0.479156681537092     
          32          34  0.922359782622317     
          34          35  0.959309996262410     
          35          36  0.817339493732461     
          36          37  0.857563471742165     
          37          38  0.855191938149738     
          37          39  0.646311905510400     
          39          40  0.878699702415414     
          41          42  0.117808141497037     
          42          43   1.01838911117427     
          43          44   1.08822014791387     
          43          45  0.961869321375183     
          45          46   1.32879265237096     
          46          47   1.43647291850771     
          47          48   1.35600979035204     
          48          49   1.41194982357076     
          45          50   1.12071081345218     
          49          50   1.38508623105978     
          41          51  0.524058740226208     
          51          52   1.34606920892382     
          52          53   1.46678821063167     
          53          54   1.38239653338515     
          54          55   1.39964644707901     
          51          56   1.32490251137798     
          55          56   1.46264363620677     
          35          57   1.01455979912694     
          57          58   1.01869392469131     
           5          59  0.947811235754906     
          57          59   1.05748063917229     
          32          60  0.688054562262571     
          59          60  0.813590755073457     
          60          61  0.420402793034001     
          60          62  0.173276922016835     
          61          62  0.102567846306124     
           1          63  0.974110423293756     
           1          64  0.983720728859176     
           1          65  0.970462977820116     
           5          66  0.213254588435819     
           9          67  0.654001783656139     
           9          68  0.961414351910781     
           9          69  0.875336665730745     
          10          70  0.940464248923276     
          11          71  0.870722171099809     
          12          72  0.962254875405732     
          12          73  0.931247533478925     
          13          74  0.954524014016855     
          15          75  0.861010627010652     
          15          76  0.937796063808864     
          19          77  0.976930901470307     
          19          78  0.967294767936391     
          19          79  0.979934250454911     
          21          80  0.374099730104442     
          22          81  0.909173274289491     
          27          82  0.967791271099672     
          28          83  0.971549167907289     
          29          84  0.970375927414756     
          30          85  0.831075400875210     
          31          86  0.724214898549671     
          33          87  0.183882140758332     
          34          88  0.901024730408918     
          34          89  0.754431235924410     
          35          90  0.942114315193127     
          39          91  0.883375450968649     
          40          92  0.756189858517174     
          42          94  0.933656682332800     
          46          95  0.967061076896719     
          47          96  0.972747255509172     
          48          97  0.970849230193170     
          49          98  0.970163606105809     
          50          99  0.557750069571139     
          52         100  0.968209470575315     
          53         101  0.971960733352426     
          54         102  0.972427119741216     
          55         103  0.971580482364948     
          56         104  0.962184981746892     
          58         105  0.632152466762174     
          58         106  0.888707258674997     
          58         107  0.784677801881011     
          61         108  0.526719409722954     
          61         109  0.862677345052653     
          62         111  0.551565467530292     
          62         112  0.222856412175747     
          62         113  0.796052773400980     
          37         114  0.101509207178544     
          38         114  0.841221447338662     
          44         118  0.122912225463147     
          93         119  0.130346319620332     
          37         120  0.254606027251267     
          38         120  0.108141371276450     
          17         122  0.176405942110238     
          23         122  0.229210526299460     
          80         122  0.181836610101288     
          32         123  0.184379689645669     
          60         123  0.256274444482808     
          61         123  0.334496431260677     
          24         124  0.294378659055812     
          25         124  0.388589308713018     
          87         124  0.228538757895691     
         115         124  0.227781989867549     
           6         125  0.117133016581020     
           8         125  0.350687642869610     
          21         125  0.194783788310361     
         121         126  0.102785496575817     
           6         127  0.528476173625808     
           8         127  0.587455501264143     
           9         128  0.205293051335640     
          67         128  0.165243740660957     
           5         129  0.383555359617940     
          66         129  0.212199662441243     
          31         130  0.165766599333984     
          86         130  0.144243705351311     
         116         130  0.158645737217780     
         117         132  0.154503487029515     
          59         133  0.184401295951196     
         118         134  0.197089786176587     
         122         135  0.232158769199119     
         119         136  0.193091746044595     
          60         137  0.777345768087898     
          61         137  0.211155365321489     
          62         137  0.457049335700481     
         111         137  0.152013406888583     
          38         138  0.109189208203313     
         116         138  0.126582102826195     
          26         139  0.257507117081873     
          37         140  0.231751966678863     
         117         140  0.115420599722557     
         115         141  0.103898045839152     
         117         141  0.100200177812632     
         118         142  0.174911531693423     
          37         143  0.324211305471836     
          39         143  0.868945112415481     
          41         143  0.228585479173374     
          42         143  0.209014746796634     
          51         143  0.199300186905178     
         119         143  0.199014280951677     
         118         144  0.185831432810923     
         121         144  0.129823278668140     
         105         145  0.234004067672662     
          23         146  0.480882099325890     
          24         146  0.390593813224083     
          33         147   1.26766479000377     
          15         148  0.145211450700221     
          16         148  0.255995996833458     
          21         148   1.56219552278339     
          22         148  0.101675916555328     
          80         148  0.137636785025637     
         122         148  0.109642647051915     
           6         149  0.104968234336273     
          61         149  0.313883425307977     
         110         149  0.138767064916108     
          38         150  0.233061357885503     
         114         150   2.40881639193013     
         115         151   3.05009914351073     
         116         152   3.19310914019145     
         117         153   3.13425401702696     
          44         154  0.142829735224249     
          50         154  0.276411718638673     
          99         154  0.204303470935482     
         118         154   2.55339638684089     
          93         155  0.474469164640801     
         119         155   2.56296229103109     
         120         156   2.77697693814354     
         121         157   3.12349801964468     
          17         158   1.18868365511659     
         122         158   2.22387690472572     
          61         159  0.593528935641455     
         123         159   2.32262764679581     
          24         160  0.136912608602465     
          25         160  0.978485394111852     
          87         160  0.119824446487214     
         124         160   1.98030103170324     
          15         161  0.100248401175565     
          21         161  0.117643696914565     
         125         161   2.47686715908752     
         126         162   3.35804579962972     
           6         163  0.507081805200025     
           8         163  0.386736725189639     
         127         163   2.07507133339527     
           9         164  0.115887149827502     
         128         164   3.02178615369993     
          66         165  0.284190380299642     
         129         165   2.63685451667863     
          30         166  0.138084736778153     
          31         166  0.158688545517466     
         130         166   2.91280151129716     
         131         167   3.54990057956892     
         132         168   3.30208377322228     
         133         169   3.24433324027158     
         134         170   3.43969382553617     
         135         171   3.31443635121152     
         136         172   3.35172332865878     
          62         173   1.13085306570491     
         112         173  0.297157845324701     
         137         173   1.56270424487914     
         138         174   3.05015114473371     
         152         174  0.103402035594732     
         139         175   2.76059684368942     
         151         175  0.112692707940117     
         152         175  0.116357224508476     
         140         176   2.88003167805211     
         150         176  0.198821040229009     
         141         177   3.07635341862590     
         153         177  0.105521816917978     
          43         178  0.494729057982978     
          45         178  0.140882248069226     
         142         178   2.45972117684192     
          39         179  0.100200023111179     
          41         179   2.84525801621269     
         143         179  0.759952787370880     
         144         180   2.83060258026887     
         154         180  0.124831877780420     
         157         180  0.104180112021159     
          58         181  0.105916569039158     
         145         181   2.82253471010546     
         155         181  0.103583444415675     
         157         181  0.100715766360116     
          23         182  0.108465752105413     
          24         182  0.336833228486072     
         146         182   2.34648013058925     
          32         183  0.297577115661722     
          33         183  0.298731479656424     
         147         183   1.90507578750249     
          16         184   3.22193041182839     
         148         184  0.536266567978327     
          61         185  0.114707166380956     
         110         185  0.415491568123571     
         149         185   2.16567679539186     
