    0.03019079
   -0.25159950
    0.12276142
   -0.08747857
    0.00514065
   -0.01549043
    0.00516656
   -0.06491258
    0.12307641
    0.12086000
   -0.06764028
   -0.01862937
    0.11749582
   -0.30821405
    0.23600933
   -0.35170597
    0.09822351
    0.07508712
   -0.32835512
    0.24634408
   -0.12466538
   -0.34991481
    0.10862458
    0.09594309
   -0.42819957
   -0.02400005
    0.06870538
   -0.27419163
    0.33955661
   -0.42938573
   -0.04912636
   -0.28311159
    0.21009090
   -0.27944274
   -0.08607784
    0.10655609
   -0.28320735
    0.03226637
    0.09810458
   -0.38408484
    0.04417597
    0.04259279
    0.06213564
    0.04267792
    0.08655765
    0.06391941
    0.05253098
    0.04226780
    0.03516240
    0.04406086
    0.05339415
    0.06506839
    0.03652017
    0.06240878
    0.05999577
    0.06336728
    0.04207765
    0.07748468
    0.31464687
    0.05781230
    0.05163627
    0.06727519
    0.05430811
    0.05499284
    0.06238841
    0.04759888
    0.05742900
    0.05536412
    0.31920677
    0.07800454
   -0.22577066
    0.09238800
   -0.31185703
    0.08445096
   -0.26478785
    0.24197710
   -0.27030697
    0.15152104
   -0.10724142
    0.37355272
   -0.20987579
    0.02513461
   -0.21948042
    0.20967436
   -0.16100715
    0.31890877
   -0.07842251
    0.09478830
   -0.12286853
    0.09085245
   -0.30554755
    0.22801646
    0.00204858
    0.32535444
   -0.35624781
    0.33975275
   -0.24999069
    0.31970080
   -0.36410225
    0.30084099
   -0.20233468
    0.19600871
   -0.16516755
    0.08303347
   -0.17190501
    0.11173160
   -0.13961996
    0.31107265
   -0.35140919
    0.18503522
   -0.12714481
    0.21024670
   -0.24455107
    0.16349457
   -0.20265543
    0.23103542
   -0.28346060
    0.03920640
   -0.18126287
    0.08565930
   -0.15313699
    0.21049423
    0.01809702
    0.30547762
   -0.11189495
    0.31986691
   -0.05918423
    0.23133948
   -0.17939493
    0.11380261
   -0.22187381
    0.25232072
   -0.22601222
    0.11667835
   -0.08417325
    0.20262407
   -0.22838244
    0.36878368
   -0.17842915
    0.10722997
   -0.25053234
