           1           2  0.984544639886358     
           2           3   1.06054596014941     
           3           4   1.37445524215834     
           4           5   1.39999895138207     
           5           6  0.949996528541483     
           6           7  0.983388473965636     
           7           8   1.39635441800566     
           8           9   1.40220990039323     
           9          10   1.31126742555974     
          10          11   1.39984844747110     
           7          12   1.38716118233069     
          11          12   1.39735207252520     
          12          13  0.983040459803647     
          13          14  0.951256953591114     
          14          15  0.990345506806323     
          15          16  0.951629672618668     
          16          17  0.958966600968554     
          17          18  0.981832488803598     
          18          19  0.978352740500544     
          19          20  0.972460933206614     
          20          21  0.999229489135876     
          20          22  0.950405299446545     
          17          23  0.976763053598177     
          22          23  0.960794980031656     
          15          24  0.957884724089360     
          23          24  0.974358841606867     
          24          25   1.00957463933121     
          13          26  0.938396540030895     
          26          27  0.989246630981291     
          27          28  0.964689572489624     
          28          29   1.05761649578004     
          28          30  0.140927611070542     
          29          30   1.64677601353431     
           6          31   1.02859868056605     
          26          31   1.03834104802905     
          29          31   1.15181878526364     
          30          31  0.121951525266436     
          10          32   1.02741828358198     
          32          33  0.970492119671474     
           9          34   1.02987829238111     
          33          34  0.971915210015613     
           5          35   1.39610599765092     
          35          36   1.38536922893238     
          36          37   1.04033645230957     
          37          38  0.974818239911652     
           3          39   1.31452055343030     
          36          39   1.31494353594451     
          39          40   1.07100055104636     
           1          41  0.976996370705757     
           1          42  0.978159611233877     
           1          43  0.979425666299228     
           4          44  0.963859658003553     
           6          45  0.926064923729817     
           8          46  0.964717439812289     
          11          47  0.964497021062031     
          13          48  0.957998772952426     
          15          49  0.950949531321500     
          17          50  0.962654628557892     
          18          51  0.965802109699377     
          18          52  0.970412356966318     
          20          53  0.953277807665829     
          21          54  0.982314947436804     
          21          55  0.982372282069283     
          21          56  0.981865075884910     
          23          57  0.960339099347882     
          24          58  0.956969984948295     
          25          59  0.878361983920855     
          26          60  0.944500731250352     
          27          61  0.967751635820811     
          27          62  0.967129789225414     
          33          63  0.967355005221418     
          33          64  0.966919712388626     
          35          65  0.961158230710311     
          38          66  0.977914949693626     
          38          67  0.980369762089705     
          38          68  0.977646646781036     
          40          69  0.871838627216740     
          77          78   1.15923189596688     
          80          81   1.18606126963946     
          78          82  0.292497661293255     
          76          83   1.02907057844012     
          79          84   1.11232760280894     
          83          86   1.23679365317056     
          85          88   1.20586224199149     
          87          89  0.984387974249223     
          77          90   1.27486992605042     
          80          91   1.12598415434405     
          76          92  0.964013740495387     
          89          93  0.974463901101861     
          91          94   1.07090498467586     
          75          96   1.20047735179896     
          83          97  0.930118341244220     
          92          97  0.987811832550590     
          96          99  0.981276535800681     
          73         100   1.01850022061098     
          95         100   1.19989958445904     
          97         102   1.17067039348455     
          84         103   1.03946439949968     
          90         104  0.978026144873946     
         103         104   1.25987733562478     
          85         105  0.998834824201262     
          92         105   1.15379051055100     
          88         106   1.00769739476661     
          74         107   1.24250674945974     
          81         108   1.08841571050277     
          85         108   1.12351827546188     
          76         109   1.17923342641122     
          94         109  0.989675717819265     
         108         109   1.10250410018837     
          74         110  0.989281646999735     
         107         110   1.09256812551714     
          86         111   1.06465392079773     
          93         111   1.01415464624322     
          99         112   1.22142623017332     
         101         112  0.996954855658272     
         104         112  0.958983097193767     
          96         113   1.04196775912091     
         107         113   1.03749601047142     
          90         114  0.932245328988957     
         110         115   1.17894976335680     
          70         116  0.968750710089196     
          71         116   1.14205620402568     
          95         116  0.927929689349768     
          72         117   1.27732488006846     
         106         117  0.963647259580770     
          78         118  0.637090189484158     
          82         118   1.28303152197797     
         106         118   1.00671698395586     
          80         119  0.962609094420070     
          91         119  0.792705564982819     
          78         120  0.931037427789917     
          88         120  0.926240875888360     
          81         121  0.967356617455101     
         114         121   1.07864186720215     
         120         121   1.26763093377695     
          70         122   1.00033915752704     
         115         122   1.07381999314658     
          79         123   1.04378023314289     
         115         123  0.959622404105930     
          89         124   1.12554517876159     
          98         125   1.03172386622738     
         111         125  0.976312795450033     
          99         126  0.993814187740798     
         113         126  0.985492580128444     
         101         127  0.990061817844987     
         114         127   1.19232863784604     
         119         127   1.04530644083991     
          71         128  0.998855417734780     
          72         128  0.958712007837208     
          95         128   1.06220939100770     
         116         128  0.127129170108367     
          71         129   1.00734929470279     
         102         129   1.12052444040905     
         124         129   1.16828161137679     
          73         130   1.14998937236023     
          84         130   1.00499539082009     
          86         131   1.00452468997150     
          94         131   1.24196769680533     
         125         131  0.983975139689088     
          73         132   1.15241970780806     
          82         132  0.626634026095230     
         117         132   1.10538218710692     
         118         132  0.186181671547500     
          75         133  0.888635203046464     
          98         133   1.21714458150234     
          77         134  0.974114692445201     
          82         134  0.999343429551124     
         130         134  0.998048580529789     
         132         134  0.119919231532255     
          79         135  0.945313769750412     
         103         135  0.983864482904260     
         126         135   1.26402786595627     
          74         136  0.995071829953714     
          87         136   1.13923474623624     
          93         137  0.938714567277036     
          98         137   1.11614110195854     
         136         137   1.11518212961742     
          75         138  0.969027777126540     
         101         138   1.26282128565182     
         133         138   1.03329390094879     
          70         139   1.27806425805702     
          87         139  0.989924966067645     
         124         139  0.996823669269252     
          72         140  0.977544736705260     
         102         140  0.921686857376721     
         105         140   1.17175424152030     
         100         141   1.09930378183025     
         122         141   1.13136340771104     
         123         141  0.950448205200202     
