   -0.13995485
    0.13438131
   -0.07867941
    0.11214774
   -0.32903139
    0.10681388
   -0.07384194
    0.09907464
   -0.33181544
    0.09574920
   -0.07509664
   -0.07776116
    0.09445694
   -0.32889853
    0.09575138
   -0.07553486
    0.10201506
   -0.33440777
    0.10272491
   -0.07546265
    0.09668287
   -0.32864924
    0.10263610
   -0.05787039
   -0.06831897
    0.10445345
    0.01242131
   -0.33697581
   -0.31736610
    0.10381189
   -0.07546388
    0.09527589
   -0.32800362
    0.10410437
   -0.07554416
    0.10339146
   -0.32510568
    0.09658969
   -0.07962192
    0.10200169
   -0.32553789
    0.10276145
   -0.08012131
    0.09571681
   -0.33002024
    0.10229181
   -0.07255534
    0.10184453
   -0.28642499
    0.04546705
    0.05483533
    0.06165912
    0.06883352
    0.02935002
    0.02295255
    0.06254322
    0.05455174
    0.04208131
    0.05381177
    0.05687902
    0.04038424
    0.04003519
    0.06394846
    0.05391335
    0.05140752
    0.05204333
    0.06635238
    0.03149589
    0.03017651
    0.05714186
    0.05077819
    0.05307008
    0.02513969
    0.04407258
    0.06019338
    0.04345169
    0.03754337
    0.03871731
    0.00790796
    0.04100632
    0.14030095
    0.13935748
    0.04287139
    0.06261655
    0.04522065
    0.05411121
    0.03041552
    0.06648230
    0.06625703
    0.02943379
    0.05740239
    0.04948048
    0.04832918
    0.05652164
    0.05496832
    0.05037041
    0.05090169
    0.05734069
    0.03282021
    0.05597793
    0.06983235
    0.03820972
    0.07612147
   -0.22790437
    0.09170541
   -0.31409811
    0.08375308
   -0.26983321
    0.24101176
   -0.27234659
    0.15018547
   -0.10989920
    0.37284681
   -0.21241900
    0.02213589
   -0.22271821
    0.20899021
   -0.16295014
    0.31918641
   -0.08133018
    0.09379917
   -0.12646239
    0.08977748
   -0.30893897
    0.22627941
   -0.00140864
    0.32551960
   -0.35962983
    0.33969811
   -0.25407422
    0.31983468
   -0.36806346
    0.30104912
   -0.20472744
    0.19519794
   -0.16709111
    0.08200223
   -0.17390253
    0.11039114
   -0.14399398
    0.31166220
   -0.35406798
    0.18379095
   -0.12958864
    0.21002056
   -0.24855538
    0.16382514
   -0.20601243
    0.22977505
   -0.28554970
    0.03580127
   -0.18485794
    0.08462565
   -0.15550836
    0.21062154
    0.01521971
    0.30440673
   -0.11527294
    0.31986476
   -0.06066340
    0.23084302
   -0.18276256
    0.11219527
   -0.22388892
    0.25247174
   -0.22972698
    0.11423855
   -0.08590560
    0.20256561
   -0.22969345
    0.36893042
   -0.17995558
    0.10597757
   -0.25251971
