           1           2   1.85004981769072     
           2           3   1.00358932901824     
           3           4  0.990033644193481     
           4           5  0.969568048102170     
           5           6  0.967429922158776     
           6           7  0.991786767984854     
           7           8  0.986200370405266     
           8           9  0.972135635596757     
           9          10  0.962759959615144     
          10          11  0.980949468237089     
          11          12   1.00699331817583     
          12          13  0.980842077673114     
          13          14  0.965171604197024     
          14          15  0.970784954194269     
          15          16  0.986670790978024     
          16          17  0.990826217198413     
          17          18  0.964910091063713     
          18          19  0.964904282106214     
          19          20  0.990683105176782     
          20          21  0.985614905029617     
          21          22  0.976913701320724     
          22          23  0.962048972283719     
          23          24  0.990634613414830     
          24          25   1.01028222582936     
          25          26  0.989958035623347     
          26          27  0.981095079979097     
          27          28   1.02337622861204     
          26          29  0.969871081269845     
          23          30  0.961859671181915     
          29          30  0.979915334839913     
          30          31  0.987541950207606     
          21          32  0.965642303180107     
          31          32  0.982071924682218     
          32          33  0.968241595291868     
          19          34  0.970156422113672     
          33          34  0.972715415575636     
          34          35  0.987608913078620     
          17          36  0.970304346239392     
          35          36  0.988258697522016     
          36          37  0.970863030709483     
          15          38  0.969562645027170     
          37          38  0.970823337762436     
          38          39  0.985126958564682     
          13          40  0.971448038889445     
          39          40  0.981465002521549     
          40          41  0.971848345151348     
          10          42  0.971605284988243     
          41          42  0.973214068609088     
          42          43  0.981599180676030     
           8          44  0.968300200378897     
          43          44  0.985772418575024     
          44          45  0.970422653446794     
           6          46  0.968872497365376     
          45          46  0.967558712119699     
          46          47  0.986066449495390     
           4          48  0.969192281025075     
          47          48  0.988976755851152     
           1          49  0.107923813811681     
           2          49   1.03407608406799     
          48          49  0.964824575990113     
           1          50  0.976726340565470     
           1          51  0.974006991784339     
           3          52  0.969297081353833     
           3          53  0.955588699267314     
           4          54  0.961965955576961     
           6          55  0.959124941518340     
           7          56  0.971622128688902     
           7          57  0.971078997895584     
           8          58  0.960193760681492     
          10          59  0.957485170161611     
          11          60  0.971381146404884     
          11          61  0.974021441783453     
          12          62  0.974064915318365     
          12          63  0.970303704248749     
          13          64  0.957778542998338     
          15          65  0.959069126933971     
          16          66  0.970807975849360     
          16          67  0.971126083409025     
          17          68  0.959249720599213     
          19          69  0.960014981210590     
          20          70  0.972740539515187     
          20          71  0.967323832474853     
          21          72  0.960712824029935     
          23          73  0.963041104182990     
          24          74  0.976319892516967     
          24          75  0.971257045986390     
          25          76  0.972686629128458     
          25          77  0.976216076420481     
          26          78  0.960476894602954     
          27          79  0.971725052000287     
          27          80  0.969403680391425     
          28          81  0.966231630244563     
          28          82  0.968054201878462     
          30          83  0.957994071748242     
          31          84  0.970474124673290     
          31          85  0.969978125165223     
          32          86  0.962635495862103     
          34          87  0.959143572553745     
          35          88  0.973110810018443     
          35          89  0.973410714968919     
          36          90  0.956206633086195     
          38          91  0.955685664812417     
          39          92  0.970226952559749     
          39          93  0.970365339153943     
          40          94  0.954522719280116     
          42          95  0.955073226410319     
          43          96  0.969556500735874     
          43          97  0.969988194790123     
          44          98  0.956654790149935     
          46          99  0.956974476275532     
          47         100  0.976167190862801     
          47         101  0.970860833923427     
          48         102  0.965398938654937     
         110         111   1.15806136643205     
         113         114   1.18660034713253     
         111         115  0.293709093035882     
         109         116   1.03326085499098     
         112         117   1.11297113439966     
         116         119   1.23280220496529     
         118         121   1.20570861971953     
         120         122  0.982530433428177     
         110         123   1.27691204236086     
         113         124   1.12683202280198     
         109         125  0.963197084745838     
         122         126  0.973300786738783     
         124         127   1.06695804687864     
         108         129   1.20043024082787     
         116         130  0.928789096240410     
         125         130  0.991288304730885     
         129         132  0.980494175604824     
         106         133   1.01782578485124     
         128         133   1.20116637635869     
         130         135   1.16834590376419     
         117         136   1.03864843180679     
         123         137  0.978278827682335     
         136         137   1.26002183845421     
         118         138  0.998617035745059     
         125         138   1.15208139739547     
         121         139   1.00810596962607     
         107         140   1.24088705600161     
         114         141   1.08637812563831     
         118         141   1.12328182073651     
         109         142   1.17656106905712     
         127         142  0.988903031490445     
         141         142   1.10394894605848     
         107         143  0.989756827358676     
         140         143   1.09287664487106     
         119         144   1.07241739772371     
         126         144   1.01313506210239     
         132         145   1.22037798007782     
         134         145  0.997382319890052     
         137         145  0.958907708751475     
         129         146   1.04228322423727     
         140         146   1.03533761460239     
         123         147  0.932184837180235     
         143         148   1.17910642610855     
         103         149  0.969732579928264     
         104         149   1.14242841516897     
         128         149  0.925585905800860     
         105         150   1.27644432521294     
         139         150  0.963340606722163     
         111         151  0.640193043908615     
         115         151   1.28442384988334     
         139         151   1.00878108828220     
         113         152  0.961581630052016     
         124         152  0.792258594687448     
         111         153  0.932329618655256     
         121         153  0.926469809125195     
         114         154  0.966906042126319     
         147         154   1.07891157929400     
         153         154   1.26589941133458     
         103         155   1.00022175490757     
         148         155   1.07258681967601     
         112         156   1.04338082369914     
         148         156  0.958971190200600     
         122         157   1.13651221574432     
         131         158   1.03293185070480     
         144         158  0.975220348380646     
         132         159  0.992928215180267     
         146         159  0.985485279405790     
         134         160  0.989850633745361     
         147         160   1.19090016966174     
         152         160   1.04509957096804     
         104         161   1.00079392450592     
         105         161  0.958402036287352     
         128         161   1.06174896806009     
         149         161  0.126939630377606     
         104         162   1.00664820622585     
         135         162   1.12341676465112     
         157         162   1.16292044509391     
         106         163   1.14991440952814     
         117         163   1.00535466741781     
         119         164   1.00111490831725     
         127         164   1.24637701200345     
         158         164  0.984079646367941     
         106         165   1.15216463359041     
         115         165  0.626500776026910     
         150         165   1.10533992074567     
         151         165  0.186281057543807     
         108         166  0.888108399169182     
         131         166   1.21056359973647     
         110         167  0.973049529192518     
         115         167   1.00381200636074     
         163         167   1.00239501077364     
         165         167  0.119745436590898     
         112         168  0.944739346295211     
         136         168  0.983659916793782     
         159         168   1.26465575423766     
         107         169  0.995440520853774     
         120         169   1.14124961002593     
         126         170  0.938073931842932     
         131         170   1.12120229728683     
         169         170   1.11701915375259     
         108         171  0.967719929639623     
         134         171   1.26107141466028     
         166         171   1.03620152138754     
         103         172   1.28193548676597     
         120         172  0.990680909020017     
         157         172  0.993638313577903     
         105         173  0.977926017673188     
         135         173  0.923107277062302     
         138         173   1.17121219442911     
         133         174   1.09890413382405     
         155         174   1.13080043780343     
         156         174  0.950447882365348     
