   -0.10629406
    0.01544342
   -0.19051331
    0.00433522
    0.00386152
   -0.18790604
    0.00812503
   -0.00283092
   -0.01709559
   -0.05998598
    0.15576543
   -0.16327452
    0.23724086
   -0.24321505
    0.05346609
    0.12589770
   -0.22121793
    0.15419664
   -0.15422325
    0.16249349
   -0.05563199
   -0.00796957
   -0.00505286
    0.10723090
   -0.23857536
    0.10317149
   -0.01040214
   -0.09881326
   -0.10426526
   -0.26521438
   -0.30846358
   -0.23592189
    0.04796081
    0.00774935
    0.00920134
    0.03562234
    0.04700863
    0.03608436
    0.00830439
    0.03226766
    0.02930095
    0.02905968
    0.03216810
    0.02684516
    0.04181801
    0.01780562
    0.05282668
    0.04326198
    0.19828916
    0.07875077
    0.20895892
    0.05966408
    0.04601241
    0.04126485
    0.03346984
    0.04515806
    0.04461088
    0.05233240
    0.03624607
    0.03943244
    0.04711599
    0.02775681
    0.03531574
    0.01794836
    0.03610018
    0.07587936
   -0.22762884
    0.09184585
   -0.31422483
    0.08309345
   -0.27072114
    0.24130641
   -0.27241951
    0.15020980
   -0.11009972
    0.37299710
   -0.21243520
    0.02204799
   -0.22181680
    0.20912343
   -0.16290614
    0.31989355
   -0.08194121
    0.09380829
   -0.12509491
    0.08977441
   -0.30910693
    0.22644925
   -0.00092066
    0.32568614
   -0.35981018
    0.33977662
   -0.25307007
    0.31997139
   -0.36841351
    0.30104605
   -0.20492588
    0.19556372
   -0.16723115
    0.08208309
   -0.17392824
    0.11045645
   -0.14460480
    0.31172040
   -0.35405948
    0.18370561
   -0.12820230
    0.21022273
   -0.24906300
    0.16389321
   -0.20646343
    0.22970447
   -0.28566766
    0.03579986
   -0.18513010
    0.08469793
   -0.15556031
    0.21062293
    0.01506267
    0.30527405
   -0.11595100
    0.32002214
   -0.06077236
    0.23092260
   -0.18230457
    0.11213266
   -0.22380095
    0.25249502
   -0.23051777
    0.11418544
   -0.08604437
    0.20194370
   -0.23142644
    0.36929083
   -0.17990574
    0.10606803
   -0.25268028
