           1           2   1.01599928549477     
           2           3   1.00060344126323     
           3           4  0.998633597668749     
           4           5  0.989796649021087     
           5           6  0.998490287719091     
           6           7  0.995343148274692     
           7           8   1.00331431853215     
           8           9   1.38902093849894     
           9          10   1.46904400270593     
          10          11   1.35428975072834     
          11          12   1.06320330193088     
          12          13   1.15122373302698     
          13          14   1.35006011135500     
          14          15   1.41283854436251     
          15          16   1.41811003633707     
          16          17  0.955504016258395     
          16          18   1.29536659864602     
          18          19   1.11462265348354     
          19          20   1.12224616134401     
          20          21   1.33803653167411     
          21          22   1.47641379845425     
          22          23   1.34563773396305     
          23          24   1.08905517923554     
          24          25   2.79565144994764     
          23          26   1.33706233020667     
          26          27  0.996241641286260     
          27          28  0.988505636493548     
          27          29   1.00047086948918     
          20          30   1.35398289249674     
          26          30   1.40529405728028     
          13          31   1.32225635146680     
          18          31   1.36683097710876     
           9          32  0.101249406230820     
          11          32   1.38761903213429     
           8          33   1.42236742539149     
          10          33  0.110812525987432     
          32          33   1.41611933824294     
           6          34  0.993137431138696     
           3          35  0.996808346036696     
          34          35   1.00482612852297     
           1          36  0.984573555353182     
           1          37  0.986753180655978     
           1          38  0.985709822025447     
           2          39  0.967838468401177     
           2          40  0.974326735152495     
           4          41  0.972852281722539     
           4          42  0.970488016903800     
           5          43  0.972093463098509     
           5          44  0.973200355092972     
           7          45  0.957907554928208     
           7          46  0.964061470598616     
           9          47  0.967652227786648     
          10          48  0.967583553017809     
          12          49  0.920988377341541     
          15          50  0.957393061270959     
          19          51  0.919094294327967     
          21          52  0.963393562667507     
          22          53  0.969478116745792     
          27          54  0.963358983907535     
          28          55  0.986865946928442     
          28          56  0.986059658472066     
          28          57  0.983241328177940     
          29          58  0.985365844651865     
          29          59  0.987296550696208     
          29          60  0.985551446928327     
          33          61  0.961732551248515     
          34          62  0.968833559054638     
          34          63  0.972583374145141     
          35          64  0.968711103108980     
          35          65  0.972136414752777     
          73          74   1.15783916072880     
          76          77   1.18667622107295     
          74          78  0.293790435020207     
          72          79   1.03376352698485     
          75          80   1.11266344273538     
          79          82   1.23282391801679     
          81          84   1.20597285809836     
          83          85  0.982723774630935     
          73          86   1.27713248098678     
          76          87   1.12689747458450     
          72          88  0.963073149192057     
          85          89  0.973518263894393     
          87          90   1.06661225722835     
          71          92   1.20028937753174     
          79          93  0.928994649152605     
          88          93  0.991706414777057     
          92          95  0.980667175787545     
          69          96   1.01780037484962     
          91          96   1.20161925810772     
          93          98   1.16883167087285     
          80          99   1.03866195438586     
          86         100  0.978264936163728     
          99         100   1.25989131604978     
          81         101  0.998638181880636     
          88         101   1.15156657763374     
          84         102   1.00811656229027     
          70         103   1.24077701917144     
          77         104   1.08614376253156     
          81         104   1.12314760162342     
          72         105   1.17610017858422     
          90         105  0.988951272512861     
         104         105   1.10424229635447     
          70         106  0.989774015189471     
         103         106   1.09255999258021     
          82         107   1.07275684271434     
          89         107   1.01330785692239     
          95         108   1.21996218147265     
          97         108  0.997468715687252     
         100         108  0.958836588718380     
          92         109   1.04210994215609     
         103         109   1.03524513184748     
          86         110  0.932199912441277     
         106         111   1.17938655887557     
          66         112  0.969669458801098     
          67         112   1.14266740885188     
          91         112  0.925363562411054     
          68         113   1.27626672420248     
         102         113  0.963256121316738     
          74         114  0.640298639437900     
          78         114   1.28442442476012     
         102         114   1.00876040747915     
          76         115  0.961375687748400     
          87         115  0.792328094847210     
          74         116  0.932308875858527     
          84         116  0.926376656557435     
          77         117  0.966927848006130     
         110         117   1.07907694107683     
         116         117   1.26572488815884     
          66         118   1.00028667527718     
         111         118   1.07202545795271     
          75         119   1.04334922514081     
         111         119  0.958954996597999     
          85         120   1.13672908372575     
          94         121   1.03350267651042     
         107         121  0.975410342891999     
          95         122  0.992928436871898     
         109         122  0.985125021003900     
          97         123  0.989806385378282     
         110         123   1.19067557511485     
         115         123   1.04503759036323     
          67         124   1.00109039038723     
          68         124  0.958327608934246     
          91         124   1.06141028224736     
         112         124  0.127020430614763     
          67         125   1.00682191482887     
          98         125   1.12296814800478     
         120         125   1.16313053533266     
          69         126   1.15015350039516     
          80         126   1.00530285184415     
          82         127   1.00052948110681     
          90         127   1.24663186665350     
         121         127  0.984051449553283     
          69         128   1.15188129980239     
          78         128  0.626520015049401     
         113         128   1.10549571795708     
         114         128  0.186180865462762     
          71         129  0.887968322409378     
          94         129   1.21005842123370     
          73         130  0.973043276693258     
          78         130   1.00383320732657     
         126         130   1.00241952537580     
         128         130  0.119802689145397     
          75         131  0.944719335092814     
          99         131  0.983585225005384     
         122         131   1.26491499125597     
          70         132  0.995626555858646     
          83         132   1.14174110652365     
          89         133  0.937927320234887     
          94         133   1.12088568158077     
         132         133   1.11663806417394     
          71         134  0.967294808414720     
          97         134   1.26127804595982     
         129         134   1.03605781870694     
          66         135   1.28244038595724     
          83         135  0.990531100692190     
         120         135  0.993034864372980     
          68         136  0.977824934527223     
          98         136  0.923118644915809     
         101         136   1.17146877132792     
          96         137   1.09852308493030     
         118         137   1.13104184441226     
         119         137  0.950426586271725     
